  -12.0000000         0.00000000    
  -11.9499998         0.00000000    
  -11.8999996         0.00000000    
  -11.8500004         0.00000000    
  -11.8000002         0.00000000    
  -11.7500000         0.00000000    
  -11.6999998         0.00000000    
  -11.6499996         0.00000000    
  -11.6000004         0.00000000    
  -11.5500002         0.00000000    
  -11.5000000         0.00000000    
  -11.4499998         0.00000000    
  -11.3999996         0.00000000    
  -11.3500004         0.00000000    
  -11.3000002         0.00000000    
  -11.2500000         0.00000000    
  -11.1999998         0.00000000    
  -11.1499996         0.00000000    
  -11.1000004         0.00000000    
  -11.0500002         0.00000000    
  -11.0000000         0.00000000    
  -10.9499998         0.00000000    
  -10.8999996         0.00000000    
  -10.8500004         0.00000000    
  -10.8000002         0.00000000    
  -10.7500000         0.00000000    
  -10.6999998         0.00000000    
  -10.6499996         0.00000000    
  -10.6000004         0.00000000    
  -10.5500002         0.00000000    
  -10.5000000        -0.00000000    
  -10.4499998         0.00000000    
  -10.3999996        -0.00000000    
  -10.3500004         0.00000000    
  -10.3000002        -0.00000000    
  -10.2500000         0.00000000    
  -10.1999998         0.00000000    
  -10.1499996        -0.00000000    
  -10.1000004        -0.00000000    
  -10.0500002        -0.00000000    
  -10.0000000         0.00000000    
  -9.94999981         0.00000000    
  -9.89999962        -0.00000000    
  -9.85000038        -0.00000000    
  -9.80000019        -0.00000000    
  -9.75000000         0.00000000    
  -9.69999981         0.00000000    
  -9.64999962         0.00000000    
  -9.60000038         0.00000000    
  -9.55000019        -0.00000000    
  -9.50000000        -0.00000000    
  -9.44999981        -0.00000000    
  -9.39999962        -0.00000000    
  -9.35000038         0.00000000    
  -9.30000019         0.00000000    
  -9.25000000         0.00000000    
  -9.19999981         0.00000000    
  -9.14999962        -0.00000000    
  -9.10000038        -0.00000000    
  -9.05000019        -0.00000000    
  -9.00000000        -0.00000000    
  -8.94999981         0.00000000    
  -8.89999962         0.00000000    
  -8.85000038         0.00000000    
  -8.80000019         0.00000000    
  -8.75000000         0.00000000    
  -8.69999981        -0.00000000    
  -8.64999962        -0.00000000    
  -8.60000038        -0.00000000    
  -8.55000019        -0.00000000    
  -8.50000000        -0.00000000    
  -8.44999981         0.00000000    
  -8.39999962         0.00000000    
  -8.35000038         0.00000000    
  -8.30000019         0.00000000    
  -8.25000000         0.00000000    
  -8.19999981        -0.00000000    
  -8.14999962        -0.00000000    
  -8.10000038        -0.00000000    
  -8.05000019        -0.00000000    
  -8.00000000        -0.00000000    
  -7.94999981        -0.00000000    
  -7.90000010         0.00000000    
  -7.84999990         0.00000000    
  -7.80000019         0.00000000    
  -7.75000000         0.00000000    
  -7.69999981         0.00000000    
  -7.65000010         0.00000000    
  -7.59999990        -0.00000000    
  -7.55000019        -0.00000000    
  -7.50000000        -0.00000000    
  -7.44999981        -0.00000000    
  -7.40000010        -0.00000000    
  -7.34999990        -0.00000000    
  -7.30000019         0.00000000    
  -7.25000000         0.00000000    
  -7.19999981         0.00000000    
  -7.15000010         0.00000000    
  -7.09999990         0.00000000    
  -7.05000019         0.00000000    
  -7.00000000        -0.00000000    
  -6.94999981        -0.00000000    
  -6.90000010        -0.00000000    
  -6.84999990        -0.00000000    
  -6.80000019        -0.00000000    
  -6.75000000        -0.00000000    
  -6.69999981        -0.00000000    
  -6.65000010         0.00000000    
  -6.59999990         0.00000000    
  -6.55000019         0.00000000    
  -6.50000000         0.00000000    
  -6.44999981         0.00000000    
  -6.40000010         0.00000000    
  -6.34999990         0.00000000    
  -6.30000019        -0.00000000    
  -6.25000000        -0.00000000    
  -6.19999981        -0.00000000    
  -6.15000010        -0.00000000    
  -6.09999990        -0.00000000    
  -6.05000019        -0.00000000    
  -6.00000000        -0.00000000    
  -5.94999981         0.00000000    
  -5.90000010         0.00000000    
  -5.84999990         0.00000000    
  -5.80000019         0.00000000    
  -5.75000000         0.00000000    
  -5.69999981         0.00000000    
  -5.65000010         0.00000000    
  -5.59999990        -0.00000000    
  -5.55000019        -0.00000000    
  -5.50000000        -0.00000000    
  -5.44999981        -0.00000000    
  -5.40000010        -0.00000000    
  -5.34999990        -0.00000000    
  -5.30000019        -0.00000000    
  -5.25000000         0.00000000    
  -5.19999981         0.00000000    
  -5.15000010         0.00000000    
  -5.09999990         0.00000000    
  -5.05000019         0.00000000    
  -5.00000000         0.00000000    
  -4.94999981         0.00000000    
  -4.90000010         0.00000000    
  -4.84999990        -0.00000000    
  -4.80000019        -0.00000000    
  -4.75000000        -0.00000000    
  -4.69999981        -0.00000000    
  -4.65000010        -0.00000000    
  -4.59999990        -0.00000000    
  -4.55000019        -0.00000000    
  -4.50000000        -0.00000000    
  -4.44999981         0.00000000    
  -4.40000010         0.00000000    
  -4.34999990         0.00000000    
  -4.30000019         0.00000000    
  -4.25000000         0.00000000    
  -4.19999981         0.00000000    
  -4.15000010         0.00000000    
  -4.09999990         0.00000000    
  -4.05000019        -0.00000000    
  -4.00000000        -0.00000000    
  -3.95000005        -0.00000000    
  -3.90000010        -0.00000000    
  -3.84999990        -0.00000000    
  -3.79999995        -0.00000000    
  -3.75000000        -0.00000000    
  -3.70000005        -0.00000000    
  -3.65000010         0.00000000    
  -3.59999990         0.00000000    
  -3.54999995         0.00000000    
  -3.50000000         0.00000000    
  -3.45000005         0.00000000    
  -3.40000010         0.00000000    
  -3.34999990         0.00000000    
  -3.29999995         0.00000000    
  -3.25000000        -0.00000000    
  -3.20000005        -0.00000000    
  -3.15000010        -0.00000000    
  -3.09999990        -0.00000000    
  -3.04999995        -0.00000000    
  -3.00000000        -0.00000000    
  -2.95000005        -0.00000000    
  -2.90000010        -0.00000000    
  -2.84999990        -0.00000000    
  -2.79999995         0.00000000    
  -2.75000000         0.00000000    
  -2.70000005         0.00000000    
  -2.65000010         0.00000000    
  -2.59999990         0.00000000    
  -2.54999995         0.00000000    
  -2.50000000         0.00000000    
  -2.45000005         0.00000000    
  -2.40000010         0.00000000    
  -2.34999990        -0.00000000    
  -2.29999995        -0.00000000    
  -2.25000000        -0.00000000    
  -2.20000005        -0.00000000    
  -2.15000010        -0.00000000    
  -2.09999990        -0.00000000    
  -2.04999995        -0.00000000    
  -2.00000000        -0.00000000    
  -1.95000005        -0.00000000    
  -1.89999998         0.00000000    
  -1.85000002         0.00000000    
  -1.79999995         0.00000000    
  -1.75000000         0.00000000    
  -1.70000005         0.00000000    
  -1.64999998         0.00000000    
  -1.60000002         0.00000000    
  -1.54999995         0.00000000    
  -1.50000000         0.00000000    
  -1.45000005        -0.00000000    
  -1.39999998        -0.00000000    
  -1.35000002        -0.00000000    
  -1.29999995        -0.00000000    
  -1.25000000        -0.00000000    
  -1.20000005        -0.00000000    
  -1.14999998        -0.00000000    
  -1.10000002        -0.00000000    
  -1.04999995        -0.00000000    
  -1.00000000        -0.00000000    
 -0.949999988         0.00000000    
 -0.899999976         0.00000000    
 -0.850000024         0.00000000    
 -0.800000012         0.00000000    
 -0.750000000         0.00000000    
 -0.699999988         0.00000000    
 -0.649999976         0.00000000    
 -0.600000024         0.00000000    
 -0.550000012         0.00000000    
 -0.500000000         0.00000000    
 -0.449999988        -0.00000000    
 -0.400000006        -0.00000000    
 -0.349999994        -0.00000000    
 -0.300000012        -0.00000000    
 -0.250000000        -0.00000000    
 -0.200000003        -0.00000000    
 -0.150000006        -0.00000000    
 -0.100000001        -0.00000000    
  -5.00000007E-02    -0.00000000    
   1.77635684E-15    -0.00000000    
   5.00000007E-02     0.00000000    
  0.100000001         0.00000000    
  0.150000006         0.00000000    
  0.200000003         0.00000000    
  0.250000000         0.00000000    
  0.300000012         0.00000000    
  0.349999994         0.00000000    
  0.400000006         0.00000000    
  0.449999988         0.00000000    
  0.500000000         0.00000000    
  0.550000012        -0.00000000    
  0.600000024        -0.00000000    
  0.649999976        -0.00000000    
  0.699999988        -0.00000000    
  0.750000000        -0.00000000    
  0.800000012        -0.00000000    
  0.850000024        -0.00000000    
  0.899999976        -0.00000000    
  0.949999988        -0.00000000    
   1.00000000        -0.00000000    
   1.04999995         0.00000000    
   1.10000002         0.00000000    
   1.14999998         0.00000000    
   1.20000005         0.00000000    
   1.25000000         0.00000000    
   1.29999995         0.00000000    
   1.35000002         0.00000000    
   1.39999998         0.00000000    
   1.45000005         0.00000000    
   1.50000000         0.00000000    
   1.54999995         0.00000000    
   1.60000002        -0.00000000    
   1.64999998        -0.00000000    
   1.70000005        -0.00000000    
   1.75000000        -0.00000000    
   1.79999995        -0.00000000    
   1.85000002        -0.00000000    
   1.89999998        -0.00000000    
   1.95000005        -0.00000000    
   2.00000000        -0.00000000    
   2.04999995        -0.00000000    
   2.09999990        -0.00000000    
   2.15000010         0.00000000    
   2.20000005         0.00000000    
   2.25000000         0.00000000    
   2.29999995         0.00000000    
   2.34999990         0.00000000    
   2.40000010         0.00000000    
   2.45000005         0.00000000    
   2.50000000         0.00000000    
   2.54999995         0.00000000    
   2.59999990         0.00000000    
   2.65000010         0.00000000    
   2.70000005        -0.00000000    
   2.75000000        -0.00000000    
   2.79999995        -0.00000000    
   2.84999990        -0.00000000    
   2.90000010        -0.00000000    
   2.95000005        -0.00000000    
   3.00000000        -0.00000000    
   3.04999995        -0.00000000    
   3.09999990        -0.00000000    
   3.15000010        -0.00000000    
   3.20000005        -0.00000000    
   3.25000000        -0.00000000    
   3.29999995         0.00000000    
   3.34999990         0.00000000    
   3.40000010         0.00000000    
   3.45000005         0.00000000    
   3.50000000         0.00000000    
   3.54999995         0.00000000    
   3.59999990         0.00000000    
   3.65000010         0.00000000    
   3.70000005         0.00000000    
   3.75000000         0.00000000    
   3.79999995         0.00000000    
   3.84999990         0.00000000    
   3.90000010        -0.00000000    
   3.95000005        -0.00000000    
   4.00000000        -0.00000000    
   4.05000019        -0.00000000    
   4.09999990        -0.00000000    
   4.15000010        -0.00000000    
   4.19999981        -0.00000000    
   4.25000000        -0.00000000    
   4.30000019        -0.00000000    
   4.34999990        -0.00000000    
   4.40000010        -0.00000000    
   4.44999981        -0.00000000    
   4.50000000         0.00000000    
   4.55000019         0.00000000    
   4.59999990         0.00000000    
   4.65000010         0.00000000    
   4.69999981         0.00000000    
   4.75000000         0.00000000    
   4.80000019         0.00000000    
   4.84999990         0.00000000    
   4.90000010         0.00000000    
   4.94999981         0.00000000    
   5.00000000         0.00000000    
   5.05000019         0.00000000    
   5.09999990        -0.00000000    
   5.15000010        -0.00000000    
   5.19999981        -0.00000000    
   5.25000000        -1.40129846E-45
   5.30000019        -1.40129846E-45
   5.34999990        -1.40129846E-45
   5.40000010        -2.80259693E-45
   5.44999981        -2.80259693E-45
   5.50000000        -4.20389539E-45
   5.55000019        -4.20389539E-45
   5.59999990        -4.20389539E-45
   5.65000010        -4.20389539E-45
   5.69999981        -1.40129846E-45
   5.75000000         1.40129846E-45
   5.80000019         7.00649232E-45
   5.84999990         1.54142831E-44
   5.90000010         2.80259693E-44
   5.94999981         4.62428493E-44
   6.00000000         6.72623263E-44
   6.05000019         9.24856986E-44
   6.09999990         1.21912966E-43
   6.15000010         1.49938936E-43
   6.19999981         1.73761010E-43
   6.25000000         1.87773994E-43
   6.30000019         1.77964905E-43
   6.34999990         1.33123354E-43
   6.40000010         3.50324616E-44
   6.44999981        -1.40129846E-43
   6.50000000        -4.14784345E-43
   6.55000019        -8.18358303E-43
   6.59999990        -1.37747639E-42
   6.65000010        -2.11596068E-42
   6.69999981        -3.04502156E-42
   6.75000000        -4.15905384E-42
   6.80000019        -5.42582765E-42
   6.84999990        -6.76827158E-42
   6.90000010        -8.05606487E-42
   6.94999981        -9.08181535E-42
   7.00000000        -9.54564514E-42
   7.05000019        -9.02856601E-42
   7.09999990        -6.97706505E-42
   7.15000010        -2.67507877E-42
   7.19999981         4.77562517E-42
   7.25000000         1.64764673E-41
   7.30000019         3.37628852E-41
   7.34999990         5.82295564E-41
   7.40000010         9.17724377E-41
   7.44999981         1.36653225E-40
   7.50000000         1.95579227E-40
   7.55000019         2.71814067E-40
   7.59999990         3.69320618E-40
   7.65000010         4.92896926E-40
   7.69999981         6.48256084E-40
   7.75000000         8.41932347E-40
   7.80000019         1.08078787E-39
   7.84999990         1.37076697E-39
   7.90000010         1.71430930E-39
   7.94999981         2.10553362E-39
   8.00000000         2.52189723E-39
   8.05000019         2.91050111E-39
   8.10000038         3.16654217E-39
   8.14999962         3.10064611E-39
   8.19999981         2.39101875E-39
   8.25000000         5.15560126E-40
   8.30000019        -3.34134574E-39
   8.35000038        -1.04124659E-38
   8.39999962        -2.25055456E-38
   8.44999981        -4.21955378E-38
   8.50000000        -7.30448292E-38
   8.55000019        -1.19833170E-37
   8.60000038        -1.88760150E-37
   8.64999962        -2.87553283E-37
   8.69999981        -4.25371570E-37
   8.75000000        -6.12331287E-37
   8.80000019        -8.58394902E-37
   8.85000038        -1.17124534E-36
   8.89999962        -1.55261951E-36
   8.94999981        -1.99237898E-36
   9.00000000        -2.45937324E-36
   9.05000019        -2.88788179E-36
   9.10000038        -3.15815814E-36
   9.14999962        -3.06934568E-36
   9.19999981        -2.30288287E-36
   9.25000000        -3.74574680E-37
   9.30000019         3.42608928E-36
   9.35000038         1.01097278E-35
   9.39999962         2.10723261E-35
   9.44999981         3.81868122E-35
   9.50000000         6.38901670E-35
   9.55000019         1.01246649E-34
   9.60000038         1.53954874E-34
   9.64999962         2.26248454E-34
   9.69999981         3.22614103E-34
   9.75000000         4.47217928E-34
   9.80000019         6.02885063E-34
   9.85000038         7.89422149E-34
   9.89999962         1.00100333E-33
   9.94999981         1.22225956E-33
   10.0000000         1.42262275E-33
   10.0500002         1.54839018E-33
   10.1000004         1.51189732E-33
   10.1499996         1.17715731E-33
   10.1999998         3.41364317E-34
   10.2500000        -1.28816209E-33
   10.3000002        -4.12162445E-33
   10.3500004        -8.71829189E-33
   10.3999996        -1.58200293E-32
   10.4499998        -2.63830039E-32
   10.5000000        -4.16008450E-32
   10.5500002        -6.29084198E-32
   10.6000004        -9.19494192E-32
   10.6499996        -1.30483047E-31
   10.6999998        -1.80194197E-31
   10.7500000        -2.42357853E-31
   10.8000002        -3.17290940E-31
   10.8500004        -4.03503576E-31
   10.8999996        -4.96437172E-31
   10.9499998        -5.86649640E-31
   11.0000000        -6.57279688E-31
   11.0500002        -6.80598487E-31
   11.1000004        -6.13441366E-31
   11.1499996        -3.91317085E-31
   11.1999998         7.89709330E-32
   11.2500000         9.28262404E-31
   11.3000002         2.33543400E-30
   11.3500004         4.53884587E-30
   11.3999996         7.84796215E-30
   11.4499998         1.26535538E-29
   11.5000000         1.94338414E-29
   11.5500002         2.87524850E-29
   11.6000004         4.12422611E-29
   11.6499996         5.75656609E-29
   11.6999998         7.83399991E-29
   11.7500000         1.04010256E-28
   11.8000002         1.34647396E-28
   11.8500004         1.69643060E-28
   11.8999996         2.07264440E-28
   11.9499998         2.44024376E-28
   12.0000000         2.73813890E-28
   12.0500002         2.86737024E-28
   12.1000004         2.67583121E-28
   12.1499996         1.93873449E-28
   12.1999998         3.34289709E-29
   12.2500000        -2.58568301E-28
   12.3000002        -7.42999939E-28
   12.3500004        -1.50062038E-27
   12.3999996        -2.63602263E-27
   12.4499998        -4.28134188E-27
   12.5000000        -6.59900405E-27
   12.5500002        -9.78243837E-27
   12.6000004        -1.40531503E-26
   12.6499996        -1.96518486E-26
   12.6999998        -2.68203987E-26
   12.7500000        -3.57702291E-26
   12.8000002        -4.66313492E-26
   12.8500004        -5.93744234E-26
   12.8999996        -7.36962732E-26
   12.9499998        -8.88569411E-26
   13.0000000        -1.03453906E-25
   13.0500002        -1.15116759E-25
   13.1000004        -1.20103530E-25
   13.1499996        -1.12778636E-25
   13.1999998        -8.49528500E-26
   13.2500000        -2.50688640E-26
   13.3000002         8.27771469E-26
   13.3500004         2.59973943E-25
   13.3999996         5.34667883E-25
   13.4499998         9.43109836E-25
   13.5000000         1.53096612E-24
   13.5500002         2.35440980E-24
   13.6000004         3.48071030E-24
   13.6499996         4.98789927E-24
   13.6999998         6.96291312E-24
   13.7500000         9.49737412E-24
   13.8000002         1.26798725E-23
   13.8500004         1.65832383E-23
   13.8999996         2.12448414E-23
   13.9499998         2.66374031E-23
   14.0000000         3.26271924E-23
   14.0500002         3.89157833E-23
   14.1000004         4.49607897E-23
   14.1499996         4.98703128E-23
   14.1999998         5.22651115E-23
   14.2500000         5.01022222E-23
   14.3000002         4.04535635E-23
   14.3500004         1.92338599E-23
   14.3999996        -1.91262103E-23
   14.4499998        -8.20625746E-23
   14.5000000        -1.79311618E-22
   14.5500002        -3.23382762E-22
   14.6000004        -5.30044907E-22
   14.6499996        -8.18784709E-22
   14.6999998        -1.21316972E-21
   14.7500000        -1.74101768E-21
   14.8000002        -2.43422816E-21
   14.8500004        -3.32807678E-21
   14.8999996        -4.45969863E-21
   14.9499998        -5.86539515E-21
   15.0000000        -7.57628779E-21
   15.0500002        -9.61169897E-21
   15.1000004        -1.19694779E-20
   15.1499996        -1.46123135E-20
   15.1999998        -1.74488273E-20
   15.2500000        -2.03080337E-20
   15.3000002        -2.29055117E-20
   15.3500004        -2.47993465E-20
   15.3999996        -2.53337343E-20
   15.4499998        -2.35679719E-20
   15.5000000        -1.81884997E-20
   15.5500002        -7.40187304E-21
   15.6000004         1.11931197E-20
   15.6499996         4.07550272E-20
   15.6999998         8.53705064E-20
   15.7500000         1.50243581E-19
   15.8000002         2.41897415E-19
   15.8500004         3.68377984E-19
   15.8999996         5.39442890E-19
   15.9499998         7.66709160E-19
   16.0000000         1.06372387E-18
   16.0499992         1.44590416E-18
   16.1000004         1.93027642E-18
   16.1499996         2.53491753E-18
   16.2000008         3.27797346E-18
   16.2500000         4.17608874E-18
   16.2999992         5.24203876E-18
   16.3500004         6.48129966E-18
   16.3999996         7.88722670E-18
   16.4500008         9.43443495E-18
   16.5000000         1.10698918E-17
   16.5499992         1.27011399E-17
   16.6000004         1.41809545E-17
   16.6499996         1.52876378E-17
   16.7000008         1.57000336E-17
   16.7500000         1.49662781E-17
   16.7999992         1.24651362E-17
   16.8500004         7.35883199E-18
   16.8999996        -1.46382824E-18
   16.9500008        -1.54550773E-17
   17.0000000        -3.64874563E-17
   17.0499992        -6.69452159E-17
   17.1000004        -1.09827867E-16
   17.1499996        -1.68864819E-16
   17.2000008        -2.48639137E-16
   17.2500000        -3.54716249E-16
   17.2999992        -4.93771451E-16
   17.3500004        -6.73706607E-16
   17.3999996        -9.03742438E-16
   17.4500008        -1.19446733E-15
   17.5000000        -1.55781546E-15
   17.5499992        -2.00694208E-15
   17.6000004        -2.55594521E-15
   17.6499996        -3.21938038E-15
   17.7000008        -4.01148366E-15
   17.7500000        -4.94501307E-15
   17.7999992        -6.02958032E-15
   17.8500004        -7.26932230E-15
   17.8999996        -8.65972011E-15
   17.9500008        -1.01833359E-14
   18.0000000        -1.18041817E-14
   18.0499992        -1.34603767E-14
   18.1000004        -1.50546774E-14
   18.1499996        -1.64423901E-14
   18.2000008        -1.74160765E-14
   18.2500000        -1.76863580E-14
   18.2999992        -1.68579970E-14
   18.3500004        -1.44003224E-14
   18.3999996        -9.61088559E-15
   18.4500008        -1.57106157E-15
   18.5000000         1.09078311E-14
   18.5499992         2.93495832E-14
   18.6000004         5.56911932E-14
   18.6499996         9.23761325E-14
   18.7000008         1.42465141E-13
   18.7500000         2.09767221E-13
   18.7999992         2.98993713E-13
   18.8500004         4.15938632E-13
   18.8999996         5.67688854E-13
   18.9500008         7.62867742E-13
   19.0000000         1.01191625E-12
   19.0499992         1.32741593E-12
   19.1000004         1.72445836E-12
   19.1499996         2.22106491E-12
   19.2000008         2.83866246E-12
   19.2500000         3.60261972E-12
   19.2999992         4.54284874E-12
   19.3500004         5.69447484E-12
   19.3999996         7.09858214E-12
   19.4500008         8.80303642E-12
   19.5000000         1.08633866E-11
   19.5499992         1.33438538E-11
   19.6000004         1.63184015E-11
   19.6499996         1.98718941E-11
   19.7000008         2.41013303E-11
   19.7500000         2.91171739E-11
   19.7999992         3.50447345E-11
   19.8500004         4.20256538E-11
   19.8999996         5.02193911E-11
   19.9500008         5.98048278E-11
   20.0000000         7.09818315E-11
   20.0499992         8.39728703E-11
   20.1000004         9.90245802E-11
   20.1499996         1.16409341E-10
   20.2000008         1.36426703E-10
   20.2500000         1.59404753E-10
   20.2999992         1.85701357E-10
   20.3500004         2.15705079E-10
   20.3999996         2.49836013E-10
   20.4500008         2.88546242E-10
   20.5000000         3.32319838E-10
   20.5499992         3.81672693E-10
   20.6000004         4.37151620E-10
   20.6499996         4.99333019E-10
   20.7000008         5.68821046E-10
   20.7500000         6.46244780E-10
   20.7999992         7.32255145E-10
   20.8500004         8.27520552E-10
   20.8999996         9.32722011E-10
   20.9500008         1.04854703E-09
   21.0000000         1.17568311E-09
   21.0499992         1.31480993E-09
   21.1000004         1.46659018E-09
   21.1499996         1.63166003E-09
   21.2000008         1.81061854E-09
   21.2500000         2.00401562E-09
   21.2999992         2.21233964E-09
   21.3500004         2.43600429E-09
   21.3999996         2.67533373E-09
   21.4500008         2.93054825E-09
   21.5000000         3.20174909E-09
   21.5499992         3.48890294E-09
   21.6000004         3.79182641E-09
   21.6499996         4.11016998E-09
   21.7000008         4.44340342E-09
   21.7500000         4.79080109E-09
   21.7999992         5.15142906E-09
   21.8500004         5.52413137E-09
   21.8999996         5.90752025E-09
   21.9500008         6.29996766E-09
   22.0000000         6.69959643E-09
   22.0499992         7.10427894E-09
   22.1000004         7.51163309E-09
   22.1499996         7.91902544E-09
   22.2000008         8.32357561E-09
   22.2500000         8.72216610E-09
   22.2999992         9.11145381E-09
   22.3500004         9.48788692E-09
   22.3999996         9.84772619E-09
   22.4500008         1.01870690E-08
   22.5000000         1.05018785E-08
   22.5499992         1.07880194E-08
   22.6000004         1.10412897E-08
   22.6499996         1.12574670E-08
   22.7000008         1.14323511E-08
   22.7500000         1.15618093E-08
   22.7999992         1.16418288E-08
   22.8500004         1.16685674E-08
   22.8999996         1.16384049E-08
   22.9500008         1.15480008E-08
   23.0000000         1.13943459E-08
   23.0499992         1.11748140E-08
   23.1000004         1.08872138E-08
   23.1499996         1.05298419E-08
   23.2000008         1.01015205E-08
   23.2500000         9.60164392E-09
   23.2999992         9.03021302E-09
   23.3500004         8.38786640E-09
   23.3999996         7.67589992E-09
   23.4500008         6.89628932E-09
   23.5000000         6.05169159E-09
   23.5499992         5.14545073E-09
   23.6000004         4.18158486E-09
   23.6499996         3.16477045E-09
   23.7000008         2.10031570E-09
   23.7500000         9.94123450E-10
   23.7999992        -1.47352366E-10
   23.8500004        -1.31716038E-09
   23.8999996        -2.50791232E-09
   23.9500008        -3.71185216E-09
   24.0000000        -4.92092989E-09
   24.0499992        -6.12688300E-09
   24.1000004        -7.32132088E-09
   24.1499996        -8.49581205E-09
   24.2000008        -9.64197788E-09
   24.2500000        -1.07515810E-08
   24.2999992        -1.18166170E-08
   24.3500004        -1.28294051E-08
   24.3999996        -1.37826719E-08
   24.4500008        -1.46696344E-08
   24.5000000        -1.54840762E-08
   24.5499992        -1.62204170E-08
   24.6000004        -1.68737735E-08
   24.6499996        -1.74400068E-08
   24.7000008        -1.79157755E-08
   24.7500000        -1.82985627E-08
   24.7999992        -1.85866913E-08
   24.8500004        -1.87793514E-08
   24.8999996        -1.88765821E-08
   24.9500008        -1.88792715E-08
   25.0000000        -1.87891338E-08
   25.0499992        -1.86086719E-08
   25.1000004        -1.83411402E-08
   25.1499996        -1.79904944E-08
   25.2000008        -1.75613266E-08
   25.2500000        -1.70588095E-08
   25.2999992        -1.64886185E-08
   25.3500004        -1.58568518E-08
   25.3999996        -1.51699648E-08
   25.4500008        -1.44346739E-08
   25.5000000        -1.36578810E-08
   25.5499992        -1.28465949E-08
   25.6000004        -1.20078418E-08
   25.6499996        -1.11485985E-08
   25.7000008        -1.02757092E-08
   25.7500000        -9.39582545E-09
   25.7999992        -8.51533422E-09
   25.8500004        -7.64030972E-09
   25.8999996        -6.77645495E-09
   25.9500008        -5.92906568E-09
   26.0000000        -5.10299181E-09
   26.0499992        -4.30261027E-09
   26.1000004        -3.53180574E-09
   26.1499996        -2.79395818E-09
   26.2000008        -2.09193729E-09
   26.2500000        -1.42810497E-09
   26.2999992        -8.04323774E-10
   26.3500004        -2.21970525E-10
   26.3999996         3.18043508E-10
   26.4500008         8.15248813E-10
   26.5000000         1.26958921E-09
   26.5499992         1.68139092E-09
   26.6000004         2.05132822E-09
   26.6499996         2.38038789E-09
   26.7000008         2.66983302E-09
   26.7500000         2.92116464E-09
   26.7999992         3.13608561E-09
   26.8500004         3.31646355E-09
   26.8999996         3.46429618E-09
   26.9500008         3.58167673E-09
   27.0000000         3.67076325E-09
   27.0499992         3.73374798E-09
   27.1000004         3.77283094E-09
   27.1499996         3.79019616E-09
   27.2000008         3.78798903E-09
   27.2500000         3.76829812E-09
   27.2999992         3.73313824E-09
   27.3500004         3.68443831E-09
   27.3999996         3.62402974E-09
   27.4500008         3.55363827E-09
   27.5000000         3.47487883E-09
   27.5499992         3.38925088E-09
   27.6000004         3.29813710E-09
   27.6499996         3.20280313E-09
   27.7000008         3.10440029E-09
   27.7500000         3.00396641E-09
   27.7999992         2.90243207E-09
   27.8500004         2.80062484E-09
   27.8999996         2.69927458E-09
   27.9500008         2.59902078E-09
   28.0000000         2.50041921E-09
   28.0499992         2.40394882E-09
   28.1000004         2.31001951E-09
   28.1499996         2.21897989E-09
   28.2000008         2.13112394E-09
   28.2500000         2.04669925E-09
   28.2999992         1.96591388E-09
   28.3500004         1.88894278E-09
   28.3999996         1.81593562E-09
   28.4500008         1.74702230E-09
   28.5000000         1.68231939E-09
   28.5499992         1.62193603E-09
   28.6000004         1.56597879E-09
   28.6499996         1.51455704E-09
   28.7000008         1.46778778E-09
   28.7500000         1.42579915E-09
   28.7999992         1.38873490E-09
   28.8500004         1.35675771E-09
   28.8999996         1.33005174E-09
   28.9500008         1.30882583E-09
   29.0000000         1.29331501E-09
   29.0499992         1.28378252E-09
   29.1000004         1.28052091E-09
   29.1499996         1.28385258E-09
   29.2000008         1.29412958E-09
   29.2500000         1.31173383E-09
   29.2999992         1.33707501E-09
   29.3500004         1.37058964E-09
   29.3999996         1.41273782E-09
   29.4500008         1.46400059E-09
   29.5000000         1.52487556E-09
   29.5499992         1.59587243E-09
   29.6000004         1.67750691E-09
   29.6499996         1.77029469E-09
   29.7000008         1.87474392E-09
   29.7500000         1.99134709E-09
   29.7999992         2.12057194E-09
   29.8500004         2.26285191E-09
   29.8999996         2.41857512E-09
   29.9500008         2.58807376E-09
   30.0000000         2.77161161E-09
   30.0499992         2.96937142E-09
   30.1000004         3.18144244E-09
   30.1499996         3.40780759E-09
   30.2000008         3.64832897E-09
   30.2500000         3.90273591E-09
   30.2999992         4.17061052E-09
   30.3500004         4.45137704E-09
   30.3999996         4.74428807E-09
   30.4500008         5.04841502E-09
   30.5000000         5.36263700E-09
   30.5499992         5.68563374E-09
   30.6000004         6.01587891E-09
   30.6499996         6.35163477E-09
   30.7000008         6.69095002E-09
   30.7500000         7.03166103E-09
   30.7999992         7.37139416E-09
   30.8500004         7.70757058E-09
   30.8999996         8.03741695E-09
   30.9500008         8.35797831E-09
   31.0000000         8.66613092E-09
   31.0499992         8.95860452E-09
   31.1000004         9.23200449E-09
   31.1499996         9.48283674E-09
   31.2000008         9.70753877E-09
   31.2500000         9.90251348E-09
   31.2999992         1.00641611E-08
   31.3500004         1.01889235E-08
   31.3999996         1.02733191E-08
   31.4500008         1.03139906E-08
   31.5000000         1.03077467E-08
   31.5499992         1.02516076E-08
   31.6000004         1.01428510E-08
   31.6499996         9.97905669E-09
   31.7000008         9.75814984E-09
   31.7500000         9.47844736E-09
   31.7999992         9.13869158E-09
   31.8500004         8.73809380E-09
   31.8999996         8.27636093E-09
   31.9500008         7.75372833E-09
   32.0000000         7.17098292E-09
   32.0499992         6.52947696E-09
   32.0999985         5.83114312E-09
   32.1500015         5.07849762E-09
   32.2000008         4.27463531E-09
   32.2500000         3.42322326E-09
   32.2999992         2.52847898E-09
   32.3499985         1.59514757E-09
   32.4000015         6.28467334E-10
   32.4500008        -3.65870445E-10
   32.5000000        -1.38176881E-09
   32.5499992        -2.41277953E-09
   32.5999985        -3.45216300E-09
   32.6500015        -4.49295356E-09
   32.7000008        -5.52802915E-09
   32.7500000        -6.55018617E-09
   32.7999992        -7.55221308E-09
   32.8499985        -8.52697024E-09
   32.9000015        -9.46746592E-09
   32.9500008        -1.03669358E-08
   33.0000000        -1.12189182E-08
   33.0499992        -1.20173231E-08
   33.0999985        -1.27565061E-08
   33.1500015        -1.34313280E-08
   33.2000008        -1.40372132E-08
   33.2500000        -1.45702002E-08
   33.2999992        -1.50269841E-08
   33.3499985        -1.54049520E-08
   33.4000015        -1.57022040E-08
   33.4500008        -1.59175766E-08
   33.5000000        -1.60506435E-08
   33.5499992        -1.61017137E-08
   33.5999985        -1.60718194E-08
   33.6500015        -1.59626978E-08
   33.7000008        -1.57767577E-08
   33.7500000        -1.55170383E-08
   33.7999992        -1.51871706E-08
   33.8499985        -1.47913184E-08
   33.9000015        -1.43341241E-08
   33.9500008        -1.38206433E-08
   34.0000000        -1.32562779E-08
   34.0499992        -1.26467086E-08
   34.0999985        -1.19978214E-08
   34.1500015        -1.13156373E-08
   34.2000008        -1.06062421E-08
   34.2500000        -9.87571536E-09
   34.2999992        -9.13006648E-09
   34.3499985        -8.37516989E-09
   34.4000015        -7.61670638E-09
   34.4500008        -6.86011026E-09
   34.5000000        -6.11052320E-09
   34.5499992        -5.37274936E-09
   34.5999985        -4.65122296E-09
   34.6500015        -3.94997857E-09
   34.7000008        -3.27263017E-09
   34.7500000        -2.62235500E-09
   34.7999992        -2.00188710E-09
   34.8499985        -1.41351364E-09
   34.9000015        -8.59080196E-10
   34.9500008        -3.39999556E-10
   35.0000000         1.42733186E-10
   35.0499992         5.88521842E-10
   35.0999985         9.97145810E-10
   35.1500015         1.36873424E-09
   35.2000008         1.70373649E-09
   35.2500000         2.00289230E-09
   35.2999992         2.26719821E-09
   35.3499985         2.49787635E-09
   35.4000015         2.69634004E-09
   35.4500008         2.86416135E-09
   35.5000000         3.00304004E-09
   35.5499992         3.11477177E-09
   35.5999985         3.20121996E-09
   35.6500015         3.26428795E-09
   35.7000008         3.30589511E-09
   35.7500000         3.32795280E-09
   35.7999992         3.33234573E-09
   35.8499985         3.32091310E-09
   35.9000015         3.29543326E-09
   35.9500008         3.25761240E-09
   36.0000000         3.20907234E-09
   36.0499992         3.15134385E-09
   36.0999985         3.08586046E-09
   36.1500015         3.01395375E-09
   36.2000008         2.93685187E-09
   36.2500000         2.85567925E-09
   36.2999992         2.77145662E-09
   36.3499985         2.68510392E-09
   36.4000015         2.59744271E-09
   36.4500008         2.50920085E-09
   36.5000000         2.42101694E-09
   36.5499992         2.33344499E-09
   36.5999985         2.24696084E-09
   36.6500015         2.16196727E-09
   36.7000008         2.07880002E-09
   36.7500000         1.99773331E-09
   36.7999992         1.91898697E-09
   36.8499985         1.84273030E-09
   36.9000015         1.76908865E-09
   36.9500008         1.69814818E-09
   37.0000000         1.62996106E-09
   37.0499992         1.56454938E-09
   37.0999985         1.50191004E-09
   37.1500015         1.44201828E-09
   37.2000008         1.38483125E-09
   37.2500000         1.33029121E-09
   37.2999992         1.27832833E-09
   37.3499985         1.22886334E-09
   37.4000015         1.18180987E-09
   37.4500008         1.13707632E-09
   37.5000000         1.09456721E-09
   37.5499992         1.05418552E-09
   37.5999985         1.01583297E-09
   37.6500015         9.79411885E-10
   37.7000008         9.44825551E-10
   37.7500000         9.11979214E-10
   37.7999992         8.80780449E-10
   37.8499985         8.51139770E-10
   37.9000015         8.22971025E-10
   37.9500008         7.96191391E-10
   38.0000000         7.70721709E-10
   38.0499992         7.46486650E-10
   38.0999985         7.23414606E-10
   38.1500015         7.01437741E-10
   38.2000008         6.80491885E-10
   38.2500000         6.60516586E-10
   38.2999992         6.41455000E-10
   38.3499985         6.23253449E-10
   38.4000015         6.05861750E-10
   38.4500008         5.89232829E-10
   38.5000000         5.73322445E-10
   38.5499992         5.58089353E-10
   38.5999985         5.43494860E-10
   38.6500015         5.29502775E-10
   38.7000008         5.16079457E-10
   38.7500000         5.03193209E-10
   38.7999992         4.90814556E-10
   38.8499985         4.78916018E-10
   38.9000015         4.67471784E-10
   38.9500008         4.56457788E-10
   39.0000000         4.45851578E-10
   39.0499992         4.35632086E-10
   39.0999985         4.25779662E-10
   39.1500015         4.16275875E-10
   39.2000008         4.07103490E-10
   39.2500000         3.98246325E-10
   39.2999992         3.89689253E-10
   39.3499985         3.81418036E-10
   39.4000015         3.73419351E-10
   39.4500008         3.65680625E-10
   39.5000000         3.58190089E-10
   39.5499992         3.50936613E-10
   39.5999985         3.43909762E-10
   39.6500015         3.37099709E-10
   39.7000008         3.30497102E-10
   39.7500000         3.24093169E-10
   39.7999992         3.17879667E-10
   39.8499985         3.11848714E-10
   39.9000015         3.05992925E-10
   39.9500008         3.00305253E-10
   40.0000000         2.94779007E-10
   40.0499992         2.89407942E-10
   40.0999985         2.84186036E-10
   40.1500015         2.79107570E-10
   40.2000008         2.74167189E-10
   40.2500000         2.69359701E-10
   40.2999992         2.64680250E-10
   40.3499985         2.60124172E-10
   40.4000015         2.55686999E-10
   40.4500008         2.51364513E-10
   40.5000000         2.47152659E-10
   40.5499992         2.43047610E-10
   40.5999985         2.39045644E-10
   40.6500015         2.35143266E-10
   40.7000008         2.31337130E-10
   40.7500000         2.27623975E-10
   40.7999992         2.24000735E-10
   40.8499985         2.20464452E-10
   40.9000015         2.17012311E-10
   40.9500008         2.13641604E-10
   41.0000000         2.10349724E-10
   41.0499992         2.07134185E-10
   41.0999985         2.03992587E-10
   41.1500015         2.00922640E-10
   41.2000008         1.97922137E-10
   41.2500000         1.94988956E-10
   41.2999992         1.92121069E-10
   41.3499985         1.89316507E-10
   41.4000015         1.86573396E-10
   41.4500008         1.83889903E-10
   41.5000000         1.81264309E-10
   41.5499992         1.78694920E-10
   41.5999985         1.76180112E-10
   41.6500015         1.73718345E-10
   41.7000008         1.71308093E-10
   41.7500000         1.68947911E-10
   41.7999992         1.66636413E-10
   41.8499985         1.64372238E-10
   41.9000015         1.62154096E-10
   41.9500008         1.59980723E-10
   42.0000000         1.57850899E-10
   42.0499992         1.55763472E-10
   42.0999985         1.53717289E-10
   42.1500015         1.51711269E-10
   42.2000008         1.49744356E-10
   42.2500000         1.47815524E-10
   42.2999992         1.45923787E-10
   42.3499985         1.44068174E-10
   42.4000015         1.42247783E-10
   42.4500008         1.40461712E-10
   42.5000000         1.38709072E-10
   42.5499992         1.36989059E-10
   42.5999985         1.35300840E-10
   42.6500015         1.33643638E-10
   42.7000008         1.32016675E-10
   42.7500000         1.30419231E-10
   42.7999992         1.28850569E-10
   42.8499985         1.27310010E-10
   42.9000015         1.25796873E-10
   42.9500008         1.24310506E-10
   43.0000000         1.22850285E-10
   43.0499992         1.21415572E-10
   43.0999985         1.20005797E-10
   43.1500015         1.18620377E-10
   43.2000008         1.17258731E-10
   43.2500000         1.15920322E-10
   43.2999992         1.14604631E-10
   43.3499985         1.13311124E-10
   43.4000015         1.12039322E-10
   43.4500008         1.10788718E-10
   43.5000000         1.09558855E-10
   43.5499992         1.08349267E-10
   43.5999985         1.07159503E-10
   43.6500015         1.05989141E-10
   43.7000008         1.04837750E-10
   43.7500000         1.03704920E-10
   43.7999992         1.02590249E-10
   43.8499985         1.01493355E-10
   43.9000015         1.00413858E-10
   43.9500008         9.93513813E-11
   44.0000000         9.83055790E-11
   44.0499992         9.72760900E-11
   44.0999985         9.62625882E-11
   44.1500015         9.52647267E-11
   44.2000008         9.42821932E-11
   44.2500000         9.33146754E-11
   44.2999992         9.23618612E-11
   44.3499985         9.14234521E-11
   44.4000015         9.04991637E-11
   44.4500008         8.95887045E-11
   44.5000000         8.86918039E-11
   44.5499992         8.78081913E-11
   44.5999985         8.69376099E-11
   44.6500015         8.60797961E-11
   44.7000008         8.52345000E-11
   44.7500000         8.44014789E-11
   44.7999992         8.35804967E-11
   44.8499985         8.27713176E-11
   44.9000015         8.19737264E-11
   44.9500008         8.11874873E-11
   45.0000000         8.04123920E-11
   45.0499992         7.96482325E-11
   45.0999985         7.88948004E-11
   45.1500015         7.81518947E-11
   45.2000008         7.74193210E-11
   45.2500000         7.66968850E-11
   45.2999992         7.59844063E-11
   45.3499985         7.52816906E-11
   45.4000015         7.45885714E-11
   45.4500008         7.39048683E-11
   45.5000000         7.32304078E-11
   45.5499992         7.25650304E-11
   45.5999985         7.19085694E-11
   45.6500015         7.12608653E-11
   45.7000008         7.06217654E-11
   45.7500000         6.99911171E-11
   45.7999992         6.93687677E-11
   45.8499985         6.87545715E-11
   45.9000015         6.81483897E-11
   45.9500008         6.75500836E-11
   46.0000000         6.69595213E-11
   46.0499992         6.63765570E-11
   46.0999985         6.58010660E-11
   46.1500015         6.52329302E-11
   46.2000008         6.46720108E-11
   46.2500000         6.41181899E-11
   46.2999992         6.35713565E-11
   46.3499985         6.30313787E-11
   46.4000015         6.24981525E-11
   46.4500008         6.19715668E-11
   46.5000000         6.14515036E-11
   46.5499992         6.09378589E-11
   46.5999985         6.04305286E-11
   46.6500015         5.99294087E-11
   46.7000008         5.94344018E-11
   46.7500000         5.89454041E-11
   46.7999992         5.84623183E-11
   46.8499985         5.79850473E-11
   46.9000015         5.75135044E-11
   46.9500008         5.70475923E-11
   47.0000000         5.65872280E-11
   47.0499992         5.61323175E-11
   47.0999985         5.56827778E-11
   47.1500015         5.52385256E-11
   47.2000008         5.47994740E-11
   47.2500000         5.43655468E-11
   47.2999992         5.39366642E-11
   47.3499985         5.35127428E-11
   47.4000015         5.30937135E-11
   47.4500008         5.26794962E-11
   47.5000000         5.22700216E-11
   47.5499992         5.18652135E-11
   47.5999985         5.14650024E-11
   47.6500015         5.10693189E-11
   47.7000008         5.06780971E-11
   47.7500000         5.02912677E-11
   47.7999992         4.99087646E-11
   47.8499985         4.95305255E-11
   47.9000015         4.91564879E-11
   47.9500008         4.87865894E-11
