  -11.9750004         0.00000000    
  -11.9250002         0.00000000    
  -11.8750000         0.00000000    
  -11.8249998         0.00000000    
  -11.7749996         0.00000000    
  -11.7250004         0.00000000    
  -11.6750002         0.00000000    
  -11.6250000         0.00000000    
  -11.5749998         0.00000000    
  -11.5249996         0.00000000    
  -11.4750004         0.00000000    
  -11.4250002         0.00000000    
  -11.3750000         0.00000000    
  -11.3249998         0.00000000    
  -11.2749996         0.00000000    
  -11.2250004         0.00000000    
  -11.1750002         0.00000000    
  -11.1250000         0.00000000    
  -11.0749998         0.00000000    
  -11.0249996         0.00000000    
  -10.9750004         0.00000000    
  -10.9250002         0.00000000    
  -10.8750000         0.00000000    
  -10.8249998         0.00000000    
  -10.7749996         0.00000000    
  -10.7250004         0.00000000    
  -10.6750002         0.00000000    
  -10.6250000         0.00000000    
  -10.5749998         0.00000000    
  -10.5249996         0.00000000    
  -10.4750004        -0.00000000    
  -10.4250002         0.00000000    
  -10.3750000        -0.00000000    
  -10.3249998         0.00000000    
  -10.2749996        -0.00000000    
  -10.2250004         0.00000000    
  -10.1750002         0.00000000    
  -10.1250000        -0.00000000    
  -10.0749998        -0.00000000    
  -10.0249996        -0.00000000    
  -9.97500038         0.00000000    
  -9.92500019         0.00000000    
  -9.87500000        -0.00000000    
  -9.82499981        -0.00000000    
  -9.77499962        -0.00000000    
  -9.72500038         0.00000000    
  -9.67500019         0.00000000    
  -9.62500000         0.00000000    
  -9.57499981         0.00000000    
  -9.52499962        -0.00000000    
  -9.47500038        -0.00000000    
  -9.42500019        -0.00000000    
  -9.37500000        -0.00000000    
  -9.32499981         0.00000000    
  -9.27499962         0.00000000    
  -9.22500038         0.00000000    
  -9.17500019         0.00000000    
  -9.12500000        -0.00000000    
  -9.07499981        -0.00000000    
  -9.02499962        -0.00000000    
  -8.97500038        -0.00000000    
  -8.92500019         0.00000000    
  -8.87500000         0.00000000    
  -8.82499981         0.00000000    
  -8.77499962         0.00000000    
  -8.72500038         0.00000000    
  -8.67500019        -0.00000000    
  -8.62500000        -0.00000000    
  -8.57499981        -0.00000000    
  -8.52499962        -0.00000000    
  -8.47500038        -0.00000000    
  -8.42500019         0.00000000    
  -8.37500000         0.00000000    
  -8.32499981         0.00000000    
  -8.27499962         0.00000000    
  -8.22500038         0.00000000    
  -8.17500019        -0.00000000    
  -8.12500000        -0.00000000    
  -8.07499981        -0.00000000    
  -8.02499962        -0.00000000    
  -7.97499990        -0.00000000    
  -7.92500019        -0.00000000    
  -7.87500000         0.00000000    
  -7.82499981         0.00000000    
  -7.77500010         0.00000000    
  -7.72499990         0.00000000    
  -7.67500019         0.00000000    
  -7.62500000         0.00000000    
  -7.57499981        -0.00000000    
  -7.52500010        -0.00000000    
  -7.47499990        -0.00000000    
  -7.42500019        -0.00000000    
  -7.37500000        -0.00000000    
  -7.32499981        -0.00000000    
  -7.27500010         0.00000000    
  -7.22499990         0.00000000    
  -7.17500019         0.00000000    
  -7.12500000         0.00000000    
  -7.07499981         0.00000000    
  -7.02500010         0.00000000    
  -6.97499990        -0.00000000    
  -6.92500019        -0.00000000    
  -6.87500000        -0.00000000    
  -6.82499981        -0.00000000    
  -6.77500010        -0.00000000    
  -6.72499990        -0.00000000    
  -6.67500019        -0.00000000    
  -6.62500000         0.00000000    
  -6.57499981         0.00000000    
  -6.52500010         0.00000000    
  -6.47499990         0.00000000    
  -6.42500019         0.00000000    
  -6.37500000         0.00000000    
  -6.32499981         0.00000000    
  -6.27500010        -0.00000000    
  -6.22499990        -0.00000000    
  -6.17500019        -0.00000000    
  -6.12500000        -0.00000000    
  -6.07499981        -0.00000000    
  -6.02500010        -0.00000000    
  -5.97499990        -0.00000000    
  -5.92500019         0.00000000    
  -5.87500000         0.00000000    
  -5.82499981         0.00000000    
  -5.77500010         0.00000000    
  -5.72499990         0.00000000    
  -5.67500019         0.00000000    
  -5.62500000         0.00000000    
  -5.57499981        -0.00000000    
  -5.52500010        -0.00000000    
  -5.47499990        -0.00000000    
  -5.42500019        -0.00000000    
  -5.37500000        -0.00000000    
  -5.32499981        -0.00000000    
  -5.27500010        -0.00000000    
  -5.22499990         0.00000000    
  -5.17500019         0.00000000    
  -5.12500000         0.00000000    
  -5.07499981         0.00000000    
  -5.02500010         0.00000000    
  -4.97499990         0.00000000    
  -4.92500019         0.00000000    
  -4.87500000         0.00000000    
  -4.82499981        -0.00000000    
  -4.77500010        -0.00000000    
  -4.72499990        -0.00000000    
  -4.67500019        -0.00000000    
  -4.62500000        -0.00000000    
  -4.57499981        -0.00000000    
  -4.52500010        -0.00000000    
  -4.47499990        -0.00000000    
  -4.42500019         0.00000000    
  -4.37500000         0.00000000    
  -4.32499981         0.00000000    
  -4.27500010         0.00000000    
  -4.22499990         0.00000000    
  -4.17500019         0.00000000    
  -4.12500000         0.00000000    
  -4.07499981         0.00000000    
  -4.02500010        -0.00000000    
  -3.97499990        -0.00000000    
  -3.92499995        -0.00000000    
  -3.87500000        -0.00000000    
  -3.82500005        -0.00000000    
  -3.77500010        -0.00000000    
  -3.72499990        -0.00000000    
  -3.67499995        -0.00000000    
  -3.62500000         0.00000000    
  -3.57500005         0.00000000    
  -3.52500010         0.00000000    
  -3.47499990         0.00000000    
  -3.42499995         0.00000000    
  -3.37500000         0.00000000    
  -3.32500005         0.00000000    
  -3.27500010         0.00000000    
  -3.22499990        -0.00000000    
  -3.17499995        -0.00000000    
  -3.12500000        -0.00000000    
  -3.07500005        -0.00000000    
  -3.02500010        -0.00000000    
  -2.97499990        -0.00000000    
  -2.92499995        -0.00000000    
  -2.87500000        -0.00000000    
  -2.82500005        -0.00000000    
  -2.77500010         0.00000000    
  -2.72499990         0.00000000    
  -2.67499995         0.00000000    
  -2.62500000         0.00000000    
  -2.57500005         0.00000000    
  -2.52500010         0.00000000    
  -2.47499990         0.00000000    
  -2.42499995         0.00000000    
  -2.37500000         0.00000000    
  -2.32500005        -0.00000000    
  -2.27500010        -0.00000000    
  -2.22499990        -0.00000000    
  -2.17499995        -0.00000000    
  -2.12500000        -0.00000000    
  -2.07500005        -0.00000000    
  -2.02500010        -0.00000000    
  -1.97500002        -0.00000000    
  -1.92499995        -0.00000000    
  -1.87500000         0.00000000    
  -1.82500005         0.00000000    
  -1.77499998         0.00000000    
  -1.72500002         0.00000000    
  -1.67499995         0.00000000    
  -1.62500000         0.00000000    
  -1.57500005         0.00000000    
  -1.52499998         0.00000000    
  -1.47500002         0.00000000    
  -1.42499995        -0.00000000    
  -1.37500000        -0.00000000    
  -1.32500005        -0.00000000    
  -1.27499998        -0.00000000    
  -1.22500002        -0.00000000    
  -1.17499995        -0.00000000    
  -1.12500000        -0.00000000    
  -1.07500005        -0.00000000    
  -1.02499998        -0.00000000    
 -0.975000024        -0.00000000    
 -0.925000012         0.00000000    
 -0.875000000         0.00000000    
 -0.824999988         0.00000000    
 -0.774999976         0.00000000    
 -0.725000024         0.00000000    
 -0.675000012         0.00000000    
 -0.625000000         0.00000000    
 -0.574999988         0.00000000    
 -0.524999976         0.00000000    
 -0.474999994         0.00000000    
 -0.425000012        -0.00000000    
 -0.375000000        -0.00000000    
 -0.324999988        -0.00000000    
 -0.275000006        -0.00000000    
 -0.224999994        -0.00000000    
 -0.174999997        -0.00000000    
 -0.125000000        -0.00000000    
  -7.50000030E-02    -0.00000000    
  -2.50000004E-02    -0.00000000    
   2.50000004E-02    -0.00000000    
   7.50000030E-02     0.00000000    
  0.125000000         0.00000000    
  0.174999997         0.00000000    
  0.224999994         0.00000000    
  0.275000006         0.00000000    
  0.324999988         0.00000000    
  0.375000000         0.00000000    
  0.425000012         0.00000000    
  0.474999994         0.00000000    
  0.524999976         0.00000000    
  0.574999988        -0.00000000    
  0.625000000        -0.00000000    
  0.675000012        -0.00000000    
  0.725000024        -0.00000000    
  0.774999976        -0.00000000    
  0.824999988        -0.00000000    
  0.875000000        -0.00000000    
  0.925000012        -0.00000000    
  0.975000024        -0.00000000    
   1.02499998        -0.00000000    
   1.07500005         0.00000000    
   1.12500000         0.00000000    
   1.17499995         0.00000000    
   1.22500002         0.00000000    
   1.27499998         0.00000000    
   1.32500005         0.00000000    
   1.37500000         0.00000000    
   1.42499995         0.00000000    
   1.47500002         0.00000000    
   1.52499998         0.00000000    
   1.57500005         0.00000000    
   1.62500000        -0.00000000    
   1.67499995        -0.00000000    
   1.72500002        -0.00000000    
   1.77499998        -0.00000000    
   1.82500005        -0.00000000    
   1.87500000        -0.00000000    
   1.92499995        -0.00000000    
   1.97500002        -0.00000000    
   2.02500010        -0.00000000    
   2.07500005        -0.00000000    
   2.12500000        -0.00000000    
   2.17499995         0.00000000    
   2.22499990         0.00000000    
   2.27500010         0.00000000    
   2.32500005         0.00000000    
   2.37500000         0.00000000    
   2.42499995         0.00000000    
   2.47499990         0.00000000    
   2.52500010         0.00000000    
   2.57500005         0.00000000    
   2.62500000         0.00000000    
   2.67499995         0.00000000    
   2.72499990        -0.00000000    
   2.77500010        -0.00000000    
   2.82500005        -0.00000000    
   2.87500000        -0.00000000    
   2.92499995        -0.00000000    
   2.97499990        -0.00000000    
   3.02500010        -0.00000000    
   3.07500005        -0.00000000    
   3.12500000        -0.00000000    
   3.17499995        -0.00000000    
   3.22499990        -0.00000000    
   3.27500010        -0.00000000    
   3.32500005         0.00000000    
   3.37500000         0.00000000    
   3.42499995         1.40129846E-45
   3.47499990         1.40129846E-45
   3.52500010         2.80259693E-45
   3.57500005         4.20389539E-45
   3.62500000         4.20389539E-45
   3.67499995         5.60519386E-45
   3.72499990         7.00649232E-45
   3.77500010         7.00649232E-45
   3.82500005         4.20389539E-45
   3.87500000         0.00000000    
   3.92499995        -8.40779079E-45
   3.97499990        -2.24207754E-44
   4.02500010        -4.48415509E-44
   4.07499981        -7.42688186E-44
   4.12500000        -1.14906474E-43
   4.17500019        -1.62550622E-43
   4.22499990        -2.15799964E-43
   4.27500010        -2.66246708E-43
   4.32499981        -3.01279170E-43
   4.37500000        -2.99877871E-43
   4.42500019        -2.31214247E-43
   4.47499990        -5.60519386E-44
   4.52500010         2.78858394E-43
   4.57499981         8.33772586E-43
   4.62500000         1.67315037E-42
   4.67500019         2.85304367E-42
   4.72499990         4.40568237E-42
   4.77500010         6.31425088E-42
   4.82499981         8.47505311E-42
   4.87500000         1.06526709E-41
   4.92500019         1.24197083E-41
   4.97499990         1.30965354E-41
   5.02500010         1.16826253E-41
   5.07499981         6.80750794E-42
   5.12500000        -3.29024879E-42
   5.17500019        -2.07350134E-41
   5.22499990        -4.78697568E-41
   5.27500010        -8.70024178E-41
   5.32499981        -1.39929461E-40
   5.37500000        -2.07231023E-40
   5.42500019        -2.87256376E-40
   5.47499990        -3.74750650E-40
   5.52500010        -4.59157863E-40
   5.57499981        -5.22593243E-40
   5.62500000        -5.37657201E-40
   5.67500019        -4.65330582E-40
   5.72499990        -2.53367374E-40
   5.77500010         1.64199950E-40
   5.82499981         8.65573654E-40
   5.87500000         1.93660849E-39
   5.92500019         3.46175231E-39
   5.97499990         5.50891905E-39
   6.02500010         8.10659429E-39
   6.07499981         1.12115466E-38
   6.12500000         1.46659197E-38
   6.17500019         1.81432348E-38
   6.22499990         2.10841875E-38
   6.27500010         2.26251954E-38
   6.32499981         2.15254256E-38
   6.37500000         1.61018638E-38
   6.42500019         4.18657534E-39
   6.47499990        -1.68742287E-38
   6.52500010        -5.01537108E-38
   6.57499981        -9.89789009E-38
   6.62500000        -1.66629006E-37
   6.67500019        -2.55856585E-37
   6.72499990        -3.68189131E-37
   6.77500010        -5.02971174E-37
   6.82499981        -6.56114308E-37
   6.87500000        -8.18535696E-37
   6.92500019        -9.74283855E-37
   6.97499990        -1.09837531E-36
   7.02500010        -1.15438887E-36
   7.07499981        -1.09188701E-36
   7.12500000        -8.43745347E-37
   7.17500019        -3.23458025E-37
   7.22499990         5.77555857E-37
   7.27500010         1.99271224E-36
   7.32499981         4.08329996E-36
   7.37500000         7.04220342E-36
   7.42500019         1.10989425E-35
   7.47499990         1.65268508E-35
   7.52500010         2.36532379E-35
   7.57499981         3.28730525E-35
   7.62500000         4.46655051E-35
   7.67500019         5.96108109E-35
   7.72499990         7.83999688E-35
   7.77500010         1.01823089E-34
   7.82499981         1.30710208E-34
   7.87500000         1.65780278E-34
   7.92500019         2.07328252E-34
   7.97499990         2.54642795E-34
   8.02499962         3.04997713E-34
   8.07499981         3.51995424E-34
   8.12500000         3.82960884E-34
   8.17500019         3.74991468E-34
   8.22500038         2.89169314E-34
   8.27499962         6.23516527E-35
   8.32499981        -4.04101576E-34
   8.37500000        -1.25928148E-33
   8.42500019        -2.72181584E-33
   8.47500038        -5.10311926E-33
   8.52499962        -8.83402592E-33
   8.57499981        -1.44925979E-32
   8.62500000        -2.28286116E-32
   8.67500019        -3.47766301E-32
   8.72500038        -5.14443406E-32
   8.77499962        -7.40552155E-32
   8.82499981        -1.03814089E-31
   8.87500000        -1.41650161E-31
   8.92500019        -1.87773456E-31
   8.97500038        -2.40957887E-31
   9.02499962        -2.97436064E-31
   9.07499981        -3.49259802E-31
   9.12500000        -3.81946985E-31
   9.17500019        -3.71205976E-31
   9.22500038        -2.78510159E-31
   9.27499962        -4.53009809E-32
   9.32499981         4.14350521E-31
   9.37500000         1.22266835E-30
   9.42500019         2.54848266E-30
   9.47500038         4.61830478E-30
   9.52499962         7.72686329E-30
   9.57499981         1.22447474E-29
   9.62500000         1.86192693E-29
   9.67500019         2.73624390E-29
   9.72500038         3.90168791E-29
   9.77499962         5.40864383E-29
   9.82499981         7.29127887E-29
   9.87500000         9.54725483E-29
   9.92500019         1.21061128E-28
   9.97500038         1.47819806E-28
   10.0249996         1.72051688E-28
   10.0749998         1.87261972E-28
   10.1250000         1.82848535E-28
   10.1750002         1.42365151E-28
   10.2250004         4.12845292E-29
   10.2749996        -1.55790050E-28
   10.3249998        -4.98468370E-28
   10.3750000        -1.05438829E-27
   10.4250002        -1.91327100E-27
   10.4750004        -3.19075478E-27
   10.5249996        -5.03119731E-27
   10.5749998        -7.60813048E-27
   10.6250000        -1.11203426E-26
   10.6750002        -1.57805923E-26
   10.7250004        -2.17926477E-26
   10.7749996        -2.93107063E-26
   10.8249998        -3.83730972E-26
   10.8750000        -4.87996351E-26
   10.9250002        -6.00390079E-26
   10.9750004        -7.09492808E-26
   11.0249996        -7.94912639E-26
   11.0749998        -8.23114293E-26
   11.1250000        -7.41894654E-26
   11.1750002        -4.73258026E-26
   11.2250004         9.55072819E-27
   11.2749996         1.12263855E-25
   11.3249998         2.82446889E-25
   11.3750000         5.48927037E-25
   11.4250002         9.49130817E-25
   11.4750004         1.53031798E-24
   11.5249996         2.35032469E-24
   11.5749998         3.47731938E-24
   11.6250000         4.98783024E-24
   11.6750002         6.96197911E-24
   11.7250004         9.47442221E-24
   11.7749996         1.25789788E-23
   11.8249998         1.62842269E-23
   11.8750000         2.05165950E-23
   11.9250002         2.50665160E-23
   11.9750004         2.95122552E-23
   12.0249996         3.31149924E-23
   12.0749998         3.46779152E-23
   12.1250000         3.23614441E-23
   12.1750002         2.34470129E-23
   12.2250004         4.04289242E-24
   12.2749996        -3.12711941E-23
   12.3249998        -8.98582559E-23
   12.3750000        -1.81484709E-22
   12.4250002        -3.18799997E-22
   12.4750004        -5.17784569E-22
   12.5249996        -7.98082121E-22
   12.5749998        -1.18308598E-21
   12.6250000        -1.69958494E-21
   12.6750002        -2.37669043E-21
   12.7250004        -3.24365326E-21
   12.7749996        -4.32604394E-21
   12.8249998        -5.63958534E-21
   12.8750000        -7.18072986E-21
   12.9250002        -8.91281132E-21
   12.9750004        -1.07463395E-20
   13.0249996        -1.25116924E-20
   13.0749998        -1.39221961E-20
   13.1250000        -1.45252948E-20
   13.1750002        -1.36394231E-20
   13.2250004        -1.02741794E-20
   13.2749996        -3.03182293E-21
   13.3249998         1.00110503E-20
   13.3750000         3.14411932E-20
   13.4250002         6.46626149E-20
   13.4750004         1.14059508E-19
   13.5249996         1.85154712E-19
   13.5749998         2.84741804E-19
   13.6250000         4.20956350E-19
   13.6750002         6.03235420E-19
   13.7250004         8.42093231E-19
   13.7749996         1.14861038E-18
   13.8249998         1.53350104E-18
   13.8750000         2.00557322E-18
   13.9250002         2.56934644E-18
   13.9750004         3.22152169E-18
   14.0249996         3.94592573E-18
   14.0749998         4.70646619E-18
   14.1250000         5.43754827E-18
   14.1750002         6.03130472E-18
   14.2250004         6.32093126E-18
   14.2749996         6.05935193E-18
   14.3249998         4.89244535E-18
   14.3750000         2.32613900E-18
   14.4250002        -2.31311980E-18
   14.4750004        -9.92463045E-18
   14.5249996        -2.16859079E-17
   14.5749998        -3.91098405E-17
   14.6250000        -6.41035196E-17
   14.6750002        -9.90236440E-17
   14.7250004        -1.46720480E-16
   14.7749996        -2.10558296E-16
   14.8249998        -2.94395036E-16
   14.8750000        -4.02496901E-16
   14.9250002        -5.39355005E-16
   14.9750004        -7.09359653E-16
   15.0249996        -9.16274608E-16
   15.0749998        -1.16243678E-15
   15.1250000        -1.44758608E-15
   15.1750002        -1.76721015E-15
   15.2250004        -2.11025744E-15
   15.2749996        -2.45604932E-15
   15.3249998        -2.77018780E-15
   15.3750000        -2.99922762E-15
   15.4250002        -3.06385645E-15
   15.4750004        -2.85030547E-15
   15.5249996        -2.19971322E-15
   15.5749998        -8.95180947E-16
   15.6250000         1.35369343E-15
   15.6750002         4.92890378E-15
   15.7250004         1.03246904E-14
   15.7749996         1.81704271E-14
   15.8249998         2.92550204E-14
   15.8750000         4.45515546E-14
   15.9250002         6.52401039E-14
   15.9750004         9.27256386E-14
   16.0249996         1.28646537E-13
   16.0750008         1.74867336E-13
   16.1250000         2.33447213E-13
   16.1749992         3.06572367E-13
   16.2250004         3.96437413E-13
   16.2749996         5.05055253E-13
   16.3250008         6.33971012E-13
   16.3750000         7.83847000E-13
   16.4249992         9.53879553E-13
   16.4750004         1.14099854E-12
   16.5249996         1.33879030E-12
   16.5750008         1.53607314E-12
   16.6250000         1.71504163E-12
   16.6749992         1.84888346E-12
   16.7250004         1.89875871E-12
   16.7749996         1.81001839E-12
   16.8250008         1.50753086E-12
   16.8750000         8.89975539E-13
   16.9249992        -1.77035077E-13
   16.9750004        -1.86913375E-12
   17.0249996        -4.41278481E-12
   17.0750008        -8.09634044E-12
   17.1250000        -1.32825582E-11
   17.1749992        -2.04224745E-11
   17.2250004        -3.00703629E-11
   17.2749996        -4.28993056E-11
   17.3250008        -5.97166136E-11
   17.3750000        -8.14779286E-11
   17.4249992        -1.09298424E-10
   17.4750004        -1.44458612E-10
   17.5249996        -1.88401864E-10
   17.5750008        -2.42719123E-10
   17.6250000        -3.09115483E-10
   17.6749992        -3.89351162E-10
   17.7250004        -4.85147977E-10
   17.7749996        -5.98048833E-10
   17.8250008        -7.29216187E-10
   17.8750000        -8.79150308E-10
   17.9249992        -1.04730469E-09
   17.9750004        -1.23157040E-09
   18.0249996        -1.42759515E-09
   18.0750008        -1.62789504E-09
   18.1250000        -1.82070936E-09
   18.1749992        -1.98853911E-09
   18.2250004        -2.10629669E-09
   18.2749996        -2.13898432E-09
   18.3250008        -2.03880246E-09
   18.3750000        -1.74157189E-09
   18.4249992        -1.16233845E-09
   18.4750004        -1.90003846E-10
   18.5249996         1.31919065E-09
   18.5750008         3.54953222E-09
   18.6250000         6.73528122E-09
   18.6749992         1.11719496E-08
   18.7250004         1.72297039E-08
   18.7749996         2.53692019E-08
   18.8250008         3.61602339E-08
   18.8750000         5.03035267E-08
   18.9249992         6.86561705E-08
   18.9750004         9.22610610E-08
   19.0249996         1.22380925E-07
   19.0750008         1.60537397E-07
   19.1250000         2.08555633E-07
   19.1749992         2.68615111E-07
   19.2250004         3.43307221E-07
   19.2749996         4.35700059E-07
   19.3250008         5.49411141E-07
   19.3750000         6.88688544E-07
   19.4249992         8.58500982E-07
   19.4750004         1.06463733E-06
   19.5249996         1.31381557E-06
   19.5750008         1.61380274E-06
   19.6250000         1.97354393E-06
   19.6749992         2.40330246E-06
   19.7250004         2.91480978E-06
   19.7749996         3.52142456E-06
   19.8250008         4.23830261E-06
   19.8750000         5.08257335E-06
   19.9249992         6.07352240E-06
   19.9750004         7.23278345E-06
   20.0249996         8.58452768E-06
   20.0750008         1.01556607E-05
   20.1250000         1.19760116E-05
   20.1749992         1.40785205E-05
   20.2250004         1.64994162E-05
   20.2749996         1.92783773E-05
   20.3250008         2.24586820E-05
   20.3750000         2.60873258E-05
   20.4249992         3.02151147E-05
   20.4750004         3.48967187E-05
   20.5249996         4.01906909E-05
   20.5750008         4.61594136E-05
   20.6250000         5.28690216E-05
   20.6749992         6.03892295E-05
   20.7250004         6.87930951E-05
   20.7749996         7.81567069E-05
   20.8250008         8.85587797E-05
   20.8750000         1.00080157E-04
   20.9249992         1.12803194E-04
   20.9750004         1.26811050E-04
   21.0249996         1.42186866E-04
   21.0750008         1.59012838E-04
   21.1250000         1.77369104E-04
   21.1749992         1.97332614E-04
   21.2250004         2.18975809E-04
   21.2749996         2.42365219E-04
   21.3250008         2.67559895E-04
   21.3750000         2.94609839E-04
   21.4249992         3.23554268E-04
   21.4750004         3.54419870E-04
   21.5249996         3.87218839E-04
   21.5750008         4.21947159E-04
   21.6250000         4.58582654E-04
   21.6749992         4.97083063E-04
   21.7250004         5.37384243E-04
   21.7749996         5.79398475E-04
   21.8250008         6.23012718E-04
   21.8750000         6.68087276E-04
   21.9249992         7.14454218E-04
   21.9750004         7.61916745E-04
   22.0249996         8.10247788E-04
   22.0750008         8.59189953E-04
   22.1250000         9.08455288E-04
   22.1749992         9.57725162E-04
   22.2250004         1.00665144E-03
   22.2749996         1.05485693E-03
   22.3250008         1.10193726E-03
   22.3750000         1.14746299E-03
   22.4249992         1.19098194E-03
   22.4750004         1.23202195E-03
   22.5249996         1.27009500E-03
   22.5750008         1.30470074E-03
   22.6250000         1.33533112E-03
   22.6749992         1.36147568E-03
   22.7250004         1.38262613E-03
   22.7749996         1.39828271E-03
   22.8250008         1.40796031E-03
   22.8750000         1.41119398E-03
   22.9249992         1.40754622E-03
   22.9750004         1.39661273E-03
   23.0249996         1.37802970E-03
   23.0750008         1.35147956E-03
   23.1250000         1.31669734E-03
   23.1749992         1.27347675E-03
   23.2250004         1.22167566E-03
   23.2749996         1.16122072E-03
   23.3250008         1.09211204E-03
   23.3750000         1.01442670E-03
   23.4249992         9.28321679E-04
   23.4750004         8.34035745E-04
   23.5249996         7.31890264E-04
   23.5750008         6.22289663E-04
   23.6250000         5.05719974E-04
   23.6749992         3.82746657E-04
   23.7250004         2.54011713E-04
   23.7749996         1.20229073E-04
   23.8250008        -1.78207629E-05
   23.8750000        -1.59297080E-04
   23.9249992        -3.03306384E-04
   23.9750004        -4.48910607E-04
   24.0249996        -5.95136196E-04
   24.0750008        -7.40983931E-04
   24.1250000        -8.85438931E-04
   24.1749992        -1.02748175E-03
   24.2250004        -1.16609875E-03
   24.2749996        -1.30029395E-03
   24.3250008        -1.42909912E-03
   24.3750000        -1.55158550E-03
   24.4249992        -1.66687334E-03
   24.4750004        -1.77414238E-03
   24.5249996        -1.87264092E-03
   24.5750008        -1.96169387E-03
   24.6250000        -2.04071053E-03
   24.6749992        -2.10919068E-03
   24.7250004        -2.16673012E-03
   24.7749996        -2.21302407E-03
   24.8250008        -2.24787043E-03
   24.8750000        -2.27117073E-03
   24.9249992        -2.28292984E-03
   24.9750004        -2.28325510E-03
   25.0249996        -2.27235374E-03
   25.0750008        -2.25052889E-03
   25.1250000        -2.21817358E-03
   25.1749992        -2.17576651E-03
   25.2250004        -2.12386320E-03
   25.2749996        -2.06308882E-03
   25.3250008        -1.99412997E-03
   25.3750000        -1.91772426E-03
   25.4249992        -1.83465227E-03
   25.4750004        -1.74572633E-03
   25.5249996        -1.65178126E-03
   25.5750008        -1.55366433E-03
   25.6250000        -1.45222584E-03
   25.6749992        -1.34830910E-03
   25.7250004        -1.24274206E-03
   25.7749996        -1.13632914E-03
   25.8250008        -1.02984277E-03
   25.8750000        -9.24017397E-04
   25.9249992        -8.19542969E-04
   25.9750004        -7.17059942E-04
   26.0249996        -6.17154699E-04
   26.0750008        -5.20356756E-04
   26.1250000        -4.27135848E-04
   26.1749992        -3.37900710E-04
   26.2250004        -2.52998434E-04
   26.2749996        -1.72714703E-04
   26.3250008        -9.72747439E-05
   26.3750000        -2.68450676E-05
   26.4249992         3.84641135E-05
   26.4750004         9.85960141E-05
   26.5249996         1.53543850E-04
   26.5750008         2.03347052E-04
   26.6250000         2.48087192E-04
   26.6749992         2.87883595E-04
   26.7250004         3.22889013E-04
   26.7749996         3.53285024E-04
   26.8250008         3.79277510E-04
   26.8750000         4.01092402E-04
   26.9249992         4.18971234E-04
   26.9750004         4.33167210E-04
   27.0249996         4.43941302E-04
   27.0750008         4.51558648E-04
   27.1250000         4.56285343E-04
   27.1749992         4.58385504E-04
   27.2250004         4.58118593E-04
   27.2749996         4.55737143E-04
   27.3250008         4.51484928E-04
   27.3750000         4.45595157E-04
   27.4249992         4.38289368E-04
   27.4750004         4.29776264E-04
   27.5249996         4.20251105E-04
   27.5750008         4.09895263E-04
   27.6250000         3.98875971E-04
   27.6749992         3.87346343E-04
   27.7250004         3.75445496E-04
   27.7749996         3.63299041E-04
   27.8250008         3.51019524E-04
   27.8750000         3.38706974E-04
   27.9249992         3.26449692E-04
   27.9750004         3.14325007E-04
   28.0249996         3.02400149E-04
   28.0750008         2.90733034E-04
   28.1250000         2.79373256E-04
   28.1749992         2.68362957E-04
   28.2250004         2.57737673E-04
   28.2749996         2.47527380E-04
   28.3250008         2.37757195E-04
   28.3750000         2.28448334E-04
   28.4249992         2.19618858E-04
   28.4750004         2.11284496E-04
   28.5249996         2.03459349E-04
   28.5750008         1.96156587E-04
   28.6250000         1.89389131E-04
   28.6749992         1.83170210E-04
   28.7250004         1.77513939E-04
   28.7749996         1.72435844E-04
   28.8250008         1.67953302E-04
   28.8750000         1.64085985E-04
   28.9249992         1.60856172E-04
   28.9750004         1.58289113E-04
   29.0249996         1.56413225E-04
   29.0750008         1.55260379E-04
   29.1250000         1.54865920E-04
   29.1749992         1.55268848E-04
   29.2250004         1.56511756E-04
   29.2749996         1.58640803E-04
   29.3250008         1.61705568E-04
   29.3750000         1.65758815E-04
   29.4249992         1.70856205E-04
   29.4750004         1.77055917E-04
   29.5249996         1.84418124E-04
   29.5750008         1.93004467E-04
   29.6250000         2.02877331E-04
   29.6749992         2.14099055E-04
   29.7250004         2.26731121E-04
   29.7749996         2.40833077E-04
   29.8250008         2.56461499E-04
   29.8750000         2.73668818E-04
   29.9249992         2.92501965E-04
   29.9750004         3.13001103E-04
   30.0249996         3.35198099E-04
   30.0750008         3.59115133E-04
   30.1250000         3.84762970E-04
   30.1749992         4.12139518E-04
   30.2250004         4.41228127E-04
   30.2749996         4.71996027E-04
   30.3250008         5.04392723E-04
   30.3750000         5.38348570E-04
   30.4249992         5.73773170E-04
   30.4750004         6.10554242E-04
   30.5249996         6.48556161E-04
   30.5750008         6.87619322E-04
   30.6250000         7.27559091E-04
   30.6749992         7.68165337E-04
   30.7250004         8.09202029E-04
   30.7749996         8.50407581E-04
   30.8250008         8.91494798E-04
   30.8750000         9.32151917E-04
   30.9249992         9.72043490E-04
   30.9750004         1.01081212E-03
   31.0249996         1.04808004E-03
   31.0750008         1.08345167E-03
   31.1250000         1.11651665E-03
   31.1749992         1.14685227E-03
   31.2250004         1.17402768E-03
   31.2749996         1.19760784E-03
   31.3250008         1.21715746E-03
   31.3750000         1.23224617E-03
   31.4249992         1.24245300E-03
   31.4750004         1.24737178E-03
   31.5249996         1.24661671E-03
   31.5750008         1.23982725E-03
   31.6250000         1.22667418E-03
   31.6749992         1.20686495E-03
   31.7250004         1.18014857E-03
   31.7749996         1.14632142E-03
   31.8250008         1.10523147E-03
   31.8750000         1.05678313E-03
   31.9249992         1.00094127E-03
   31.9750004         9.37734265E-04
   32.0250015         8.67257128E-04
   32.0750008         7.89673533E-04
   32.1250000         7.05217186E-04
   32.1749992         6.14192395E-04
   32.2249985         5.16973494E-04
   32.2750015         4.14003880E-04
   32.3250008         3.05793714E-04
   32.3750000         1.92916807E-04
   32.4249992         7.60067051E-05
   32.4749985        -4.42482924E-05
   32.5250015        -1.67110818E-04
   32.5750008        -2.91801029E-04
   32.6250000        -4.17503848E-04
   32.6749992        -5.43376838E-04
   32.7249985        -6.68558641E-04
   32.7750015        -7.92178093E-04
   32.8250008        -9.13363008E-04
   32.8750000        -1.03124988E-03
   32.9249992        -1.14499324E-03
   32.9749985        -1.25377497E-03
   33.0250015        -1.35681347E-03
   33.0750008        -1.45337253E-03
   33.1250000        -1.54276914E-03
   33.1749992        -1.62438198E-03
   33.2249985        -1.69765751E-03
   33.2750015        -1.76211691E-03
   33.3250008        -1.81736029E-03
   33.3750000        -1.86307158E-03
   33.4249992        -1.89902121E-03
   33.4749985        -1.92506833E-03
   33.5250015        -1.94116135E-03
   33.5750008        -1.94733765E-03
   33.6250000        -1.94372237E-03
   33.6749992        -1.93052529E-03
   33.7249985        -1.90803758E-03
   33.7750015        -1.87662721E-03
   33.8250008        -1.83673308E-03
   33.8750000        -1.78885891E-03
   33.9249992        -1.73356594E-03
   33.9749985        -1.67146558E-03
   34.0250015        -1.60321139E-03
   34.0750008        -1.52949023E-03
   34.1250000        -1.45101384E-03
   34.1749992        -1.36851065E-03
   34.2249985        -1.28271652E-03
   34.2750015        -1.19436684E-03
   34.3250008        -1.10418827E-03
   34.3750000        -1.01289118E-03
   34.4249992        -9.21162777E-04
   34.4749985        -8.29660275E-04
   34.5250015        -7.39005336E-04
   34.5750008        -6.49779162E-04
   34.6250000        -5.62517904E-04
   34.6749992        -4.77709575E-04
   34.7249985        -3.95791198E-04
   34.7750015        -3.17147060E-04
   34.8250008        -2.42107795E-04
   34.8750000        -1.70950036E-04
   34.9249992        -1.03896971E-04
   34.9749985        -4.11194742E-05
   35.0250015         1.72621203E-05
   35.0750008         7.11757020E-05
   35.1250000         1.20594603E-04
   35.1749992         1.65534424E-04
   35.2249985         2.06049532E-04
   35.2750015         2.42229347E-04
   35.3250008         2.74194463E-04
   35.3750000         3.02092638E-04
   35.4249992         3.26094771E-04
   35.4749985         3.46391054E-04
   35.5250015         3.63187020E-04
   35.5750008         3.76699842E-04
   35.6250000         3.87154840E-04
   35.6749992         3.94782284E-04
   35.7249985         3.99814220E-04
   35.7750015         4.02481906E-04
   35.8250008         4.03013197E-04
   35.8750000         4.01630503E-04
   35.9249992         3.98548989E-04
   35.9749985         3.93974915E-04
   36.0250015         3.88104498E-04
   36.0750008         3.81122867E-04
   36.1250000         3.73203307E-04
   36.1749992         3.64506908E-04
   36.2249985         3.55182245E-04
   36.2750015         3.45365232E-04
   36.3250008         3.35179357E-04
   36.3750000         3.24735884E-04
   36.4249992         3.14134144E-04
   36.4749985         3.03462206E-04
   36.5250015         2.92797253E-04
   36.5750008         2.82206340E-04
   36.6250000         2.71746976E-04
   36.6749992         2.61467852E-04
   36.7249985         2.51409627E-04
   36.7750015         2.41605449E-04
   36.8250008         2.32081875E-04
   36.8750000         2.22859409E-04
   36.9249992         2.13953201E-04
   36.9749985         2.05373683E-04
   37.0250015         1.97127127E-04
   37.0750008         1.89216255E-04
   37.1250000         1.81640673E-04
   37.1749992         1.74397384E-04
   37.2249985         1.67481194E-04
   37.2750015         1.60885131E-04
   37.3250008         1.54600741E-04
   37.3750000         1.48618463E-04
   37.4249992         1.42927835E-04
   37.4749985         1.37517767E-04
   37.5250015         1.32376721E-04
   37.5750008         1.27492967E-04
   37.6250000         1.22854617E-04
   37.6749992         1.18449861E-04
   37.7249985         1.14267001E-04
   37.7750015         1.10294568E-04
   37.8250008         1.06521395E-04
   37.8750000         1.02936661E-04
   37.9249992         9.95299415E-05
   37.9749985         9.62912163E-05
   38.0250015         9.32109178E-05
   38.0750008         9.02799366E-05
   38.1250000         8.74896068E-05
   38.1749992         8.48317286E-05
   38.2249985         8.22985385E-05
   38.2750015         7.98827386E-05
   38.3250008         7.75774242E-05
   38.3750000         7.53761342E-05
   38.4249992         7.32727931E-05
   38.4749985         7.12616893E-05
   38.5250015         6.93374895E-05
   38.5750008         6.74952025E-05
   38.6250000         6.57301498E-05
   38.6749992         6.40379512E-05
   38.7249985         6.24145396E-05
   38.7750015         6.08560767E-05
   38.8250008         5.93590084E-05
   38.8750000         5.79199987E-05
   38.9249992         5.65359369E-05
   38.9749985         5.52039055E-05
   39.0250015         5.39211942E-05
   39.0750008         5.26852527E-05
   39.1250000         5.14937019E-05
   39.1749992         5.03443152E-05
   39.2249985         4.92350082E-05
   39.2750015         4.81638235E-05
   39.3250008         4.71289313E-05
   39.3750000         4.61286145E-05
   39.4249992         4.51612541E-05
   39.4749985         4.42253331E-05
   39.5250015         4.33194291E-05
   39.5750008         4.24421996E-05
   39.6250000         4.15923751E-05
   39.6749992         4.07687658E-05
   39.7249985         3.99702476E-05
   39.7750015         3.91957583E-05
   39.8250008         3.84442974E-05
   39.8750000         3.77149190E-05
   39.9249992         3.70067173E-05
   39.9749985         3.63188519E-05
   40.0250015         3.56505116E-05
   40.0750008         3.50009359E-05
   40.1250000         3.43693973E-05
   40.1749992         3.37552119E-05
   40.2249985         3.31577212E-05
   40.2750015         3.25763067E-05
   40.3250008         3.20103718E-05
   40.3750000         3.14593599E-05
   40.4249992         3.09227289E-05
   40.4749985         3.03999677E-05
   40.5250015         2.98905888E-05
   40.5750008         2.93941248E-05
   40.6250000         2.89101281E-05
   40.6749992         2.84381767E-05
   40.7249985         2.79778615E-05
   40.7750015         2.75287930E-05
   40.8250008         2.70906003E-05
   40.8750000         2.66629231E-05
   40.9249992         2.62454232E-05
   40.9749985         2.58377695E-05
   41.0250015         2.54396509E-05
   41.0750008         2.50507637E-05
   41.1250000         2.46708187E-05
   41.1749992         2.42995411E-05
   41.2249985         2.39366600E-05
   41.2750015         2.35819225E-05
   41.3250008         2.32350794E-05
   41.3750000         2.28958979E-05
   41.4249992         2.25641452E-05
   41.4749985         2.22396047E-05
   41.5250015         2.19220656E-05
   41.5750008         2.16113240E-05
   41.6250000         2.13071853E-05
   41.6749992         2.10094586E-05
   41.7249985         2.07179637E-05
   41.7750015         2.04325243E-05
   41.8250008         2.01529710E-05
   41.8750000         1.98791440E-05
   41.9249992         1.96108813E-05
   41.9749985         1.93480337E-05
   42.0250015         1.90904539E-05
   42.0750008         1.88380000E-05
   42.1250000         1.85905355E-05
   42.1749992         1.83479278E-05
   42.2249985         1.81100495E-05
   42.2750015         1.78767768E-05
   42.3250008         1.76479898E-05
   42.3750000         1.74235738E-05
   42.4249992         1.72034161E-05
   42.4749985         1.69874093E-05
   42.5250015         1.67754461E-05
   42.5750008         1.65674282E-05
   42.6250000         1.63632540E-05
   42.6749992         1.61628323E-05
   42.7249985         1.59660685E-05
   42.7750015         1.57728737E-05
   42.8250008         1.55831603E-05
   42.8750000         1.53968449E-05
   42.9249992         1.52138464E-05
   42.9749985         1.50340857E-05
   43.0250015         1.48574863E-05
   43.0750008         1.46839739E-05
   43.1250000         1.45134754E-05
   43.1749992         1.43459220E-05
   43.2249985         1.41812452E-05
   43.2750015         1.40193788E-05
   43.3250008         1.38602591E-05
   43.3750000         1.37038232E-05
   43.4249992         1.35500113E-05
   43.4749985         1.33987642E-05
   43.5250015         1.32500245E-05
   43.5750008         1.31037368E-05
   43.6250000         1.29598475E-05
   43.6749992         1.28183037E-05
   43.7249985         1.26790546E-05
   43.7750015         1.25420502E-05
   43.8250008         1.24072430E-05
   43.8750000         1.22745842E-05
   43.9249992         1.21440298E-05
   43.9749985         1.20155346E-05
   44.0250015         1.18890557E-05
   44.0750008         1.17645495E-05
   44.1250000         1.16419760E-05
   44.1749992         1.15212952E-05
   44.2249985         1.14024679E-05
   44.2750015         1.12854568E-05
   44.3250008         1.11702229E-05
   44.3750000         1.10567325E-05
   44.4249992         1.09449493E-05
   44.4749985         1.08348386E-05
   44.5250015         1.07263677E-05
   44.5750008         1.06195039E-05
   44.6250000         1.05142153E-05
   44.6749992         1.04104720E-05
   44.7249985         1.03082411E-05
   44.7750015         1.02074964E-05
   44.8250008         1.01082069E-05
   44.8750000         1.00103452E-05
   44.9249992         9.91388424E-06
   44.9749985         9.81879748E-06
   45.0250015         9.72505768E-06
   45.0750008         9.63264029E-06
   45.1250000         9.54152074E-06
   45.1749992         9.45167358E-06
   45.2249985         9.36307606E-06
   45.2750015         9.27570545E-06
   45.3250008         9.18953720E-06
   45.3750000         9.10455128E-06
   45.4249992         9.02072588E-06
   45.4749985         8.93803826E-06
   45.5250015         8.85646932E-06
   45.5750008         8.77599905E-06
   45.6250000         8.69660653E-06
   45.6749992         8.61827357E-06
   45.7249985         8.54098107E-06
   45.7750015         8.46470994E-06
   45.8250008         8.38944379E-06
   45.8750000         8.31516263E-06
   45.9249992         8.24185190E-06
   45.9749985         8.16949250E-06
   46.0250015         8.09806988E-06
   46.0750008         8.02756676E-06
   46.1250000         7.95796677E-06
   46.1749992         7.88925627E-06
   46.2249985         7.82141888E-06
   46.2750015         7.75444005E-06
   46.3250008         7.68830614E-06
   46.3750000         7.62300169E-06
   46.4249992         7.55851352E-06
   46.4749985         7.49482797E-06
   46.5250015         7.43193141E-06
   46.5750008         7.36981156E-06
   46.6250000         7.30845522E-06
   46.6749992         7.24785014E-06
   46.7249985         7.18798356E-06
   46.7750015         7.12884412E-06
   46.8250008         7.07041954E-06
   46.8750000         7.01269892E-06
   46.9249992         6.95567041E-06
   46.9749985         6.89932358E-06
   47.0250015         6.84364704E-06
   47.0750008         6.78863034E-06
   47.1250000         6.73426302E-06
   47.1749992         6.68053508E-06
   47.2249985         6.62743651E-06
   47.2750015         6.57495775E-06
   47.3250008         6.52308836E-06
   47.3750000         6.47181969E-06
   47.4249992         6.42114219E-06
   47.4749985         6.37104677E-06
   47.5250015         6.32152478E-06
   47.5750008         6.27256759E-06
   47.6250000         6.22416610E-06
   47.6749992         6.17631213E-06
   47.7249985         6.12899794E-06
   47.7750015         6.08221490E-06
   47.8250008         6.03595527E-06
   47.8750000         5.99021132E-06
   47.9249992         5.94497487E-06
   47.9749985         5.90023956E-06
