  -12.0000000         0.00000000    
  -11.9499998         0.00000000    
  -11.8999996         0.00000000    
  -11.8500004         0.00000000    
  -11.8000002         0.00000000    
  -11.7500000         0.00000000    
  -11.6999998         0.00000000    
  -11.6499996         0.00000000    
  -11.6000004         0.00000000    
  -11.5500002         0.00000000    
  -11.5000000         0.00000000    
  -11.4499998         0.00000000    
  -11.3999996         0.00000000    
  -11.3500004         0.00000000    
  -11.3000002         0.00000000    
  -11.2500000         0.00000000    
  -11.1999998         0.00000000    
  -11.1499996         0.00000000    
  -11.1000004         0.00000000    
  -11.0500002         0.00000000    
  -11.0000000         0.00000000    
  -10.9499998         0.00000000    
  -10.8999996         0.00000000    
  -10.8500004         0.00000000    
  -10.8000002         0.00000000    
  -10.7500000         0.00000000    
  -10.6999998         0.00000000    
  -10.6499996         0.00000000    
  -10.6000004         0.00000000    
  -10.5500002        -0.00000000    
  -10.5000000         0.00000000    
  -10.4499998        -0.00000000    
  -10.3999996         0.00000000    
  -10.3500004        -0.00000000    
  -10.3000002         0.00000000    
  -10.2500000         0.00000000    
  -10.1999998        -0.00000000    
  -10.1499996        -0.00000000    
  -10.1000004         0.00000000    
  -10.0500002         0.00000000    
  -10.0000000         0.00000000    
  -9.94999981        -0.00000000    
  -9.89999962        -0.00000000    
  -9.85000038        -0.00000000    
  -9.80000019         0.00000000    
  -9.75000000         0.00000000    
  -9.69999981         0.00000000    
  -9.64999962        -0.00000000    
  -9.60000038        -0.00000000    
  -9.55000019        -0.00000000    
  -9.50000000        -0.00000000    
  -9.44999981         0.00000000    
  -9.39999962         0.00000000    
  -9.35000038         0.00000000    
  -9.30000019         0.00000000    
  -9.25000000        -0.00000000    
  -9.19999981        -0.00000000    
  -9.14999962        -0.00000000    
  -9.10000038        -0.00000000    
  -9.05000019         0.00000000    
  -9.00000000         0.00000000    
  -8.94999981         0.00000000    
  -8.89999962         0.00000000    
  -8.85000038         0.00000000    
  -8.80000019        -0.00000000    
  -8.75000000        -0.00000000    
  -8.69999981        -0.00000000    
  -8.64999962        -0.00000000    
  -8.60000038        -0.00000000    
  -8.55000019         0.00000000    
  -8.50000000         0.00000000    
  -8.44999981         0.00000000    
  -8.39999962         0.00000000    
  -8.35000038         0.00000000    
  -8.30000019        -0.00000000    
  -8.25000000        -0.00000000    
  -8.19999981        -0.00000000    
  -8.14999962        -0.00000000    
  -8.10000038        -0.00000000    
  -8.05000019        -0.00000000    
  -8.00000000         0.00000000    
  -7.94999981         0.00000000    
  -7.90000010         0.00000000    
  -7.84999990         0.00000000    
  -7.80000019         0.00000000    
  -7.75000000         0.00000000    
  -7.69999981        -0.00000000    
  -7.65000010        -0.00000000    
  -7.59999990        -0.00000000    
  -7.55000019        -0.00000000    
  -7.50000000        -0.00000000    
  -7.44999981        -0.00000000    
  -7.40000010         0.00000000    
  -7.34999990         0.00000000    
  -7.30000019         0.00000000    
  -7.25000000         0.00000000    
  -7.19999981         0.00000000    
  -7.15000010         0.00000000    
  -7.09999990        -0.00000000    
  -7.05000019        -0.00000000    
  -7.00000000        -0.00000000    
  -6.94999981        -0.00000000    
  -6.90000010        -0.00000000    
  -6.84999990        -0.00000000    
  -6.80000019         0.00000000    
  -6.75000000         0.00000000    
  -6.69999981         0.00000000    
  -6.65000010         0.00000000    
  -6.59999990         0.00000000    
  -6.55000019         0.00000000    
  -6.50000000         0.00000000    
  -6.44999981        -0.00000000    
  -6.40000010        -0.00000000    
  -6.34999990        -0.00000000    
  -6.30000019        -0.00000000    
  -6.25000000        -0.00000000    
  -6.19999981        -0.00000000    
  -6.15000010        -0.00000000    
  -6.09999990         0.00000000    
  -6.05000019         0.00000000    
  -6.00000000         0.00000000    
  -5.94999981         0.00000000    
  -5.90000010         0.00000000    
  -5.84999990         0.00000000    
  -5.80000019         0.00000000    
  -5.75000000        -0.00000000    
  -5.69999981        -0.00000000    
  -5.65000010        -0.00000000    
  -5.59999990        -0.00000000    
  -5.55000019        -0.00000000    
  -5.50000000        -0.00000000    
  -5.44999981        -0.00000000    
  -5.40000010        -0.00000000    
  -5.34999990         0.00000000    
  -5.30000019         0.00000000    
  -5.25000000         0.00000000    
  -5.19999981         0.00000000    
  -5.15000010         0.00000000    
  -5.09999990         0.00000000    
  -5.05000019         0.00000000    
  -5.00000000        -0.00000000    
  -4.94999981        -0.00000000    
  -4.90000010        -0.00000000    
  -4.84999990        -0.00000000    
  -4.80000019        -0.00000000    
  -4.75000000        -0.00000000    
  -4.69999981        -0.00000000    
  -4.65000010        -0.00000000    
  -4.59999990         0.00000000    
  -4.55000019         0.00000000    
  -4.50000000         0.00000000    
  -4.44999981         0.00000000    
  -4.40000010         0.00000000    
  -4.34999990         0.00000000    
  -4.30000019         0.00000000    
  -4.25000000         0.00000000    
  -4.19999981        -0.00000000    
  -4.15000010        -0.00000000    
  -4.09999990        -0.00000000    
  -4.05000019        -0.00000000    
  -4.00000000        -0.00000000    
  -3.95000005        -0.00000000    
  -3.90000010        -0.00000000    
  -3.84999990        -0.00000000    
  -3.79999995         0.00000000    
  -3.75000000         0.00000000    
  -3.70000005         0.00000000    
  -3.65000010         0.00000000    
  -3.59999990         0.00000000    
  -3.54999995         0.00000000    
  -3.50000000         0.00000000    
  -3.45000005         0.00000000    
  -3.40000010         0.00000000    
  -3.34999990        -0.00000000    
  -3.29999995        -0.00000000    
  -3.25000000        -0.00000000    
  -3.20000005        -0.00000000    
  -3.15000010        -0.00000000    
  -3.09999990        -0.00000000    
  -3.04999995        -0.00000000    
  -3.00000000        -0.00000000    
  -2.95000005         0.00000000    
  -2.90000010         0.00000000    
  -2.84999990         0.00000000    
  -2.79999995         0.00000000    
  -2.75000000         0.00000000    
  -2.70000005         0.00000000    
  -2.65000010         0.00000000    
  -2.59999990         0.00000000    
  -2.54999995         0.00000000    
  -2.50000000        -0.00000000    
  -2.45000005        -0.00000000    
  -2.40000010        -0.00000000    
  -2.34999990        -0.00000000    
  -2.29999995        -0.00000000    
  -2.25000000        -0.00000000    
  -2.20000005        -0.00000000    
  -2.15000010        -0.00000000    
  -2.09999990        -0.00000000    
  -2.04999995         0.00000000    
  -2.00000000         0.00000000    
  -1.95000005         0.00000000    
  -1.89999998         0.00000000    
  -1.85000002         0.00000000    
  -1.79999995         0.00000000    
  -1.75000000         0.00000000    
  -1.70000005         0.00000000    
  -1.64999998         0.00000000    
  -1.60000002        -0.00000000    
  -1.54999995        -0.00000000    
  -1.50000000        -0.00000000    
  -1.45000005        -0.00000000    
  -1.39999998        -0.00000000    
  -1.35000002        -0.00000000    
  -1.29999995        -0.00000000    
  -1.25000000        -0.00000000    
  -1.20000005        -0.00000000    
  -1.14999998        -0.00000000    
  -1.10000002         0.00000000    
  -1.04999995         0.00000000    
  -1.00000000         0.00000000    
 -0.949999988         0.00000000    
 -0.899999976         0.00000000    
 -0.850000024         0.00000000    
 -0.800000012         0.00000000    
 -0.750000000         0.00000000    
 -0.699999988         0.00000000    
 -0.649999976         0.00000000    
 -0.600000024        -0.00000000    
 -0.550000012        -0.00000000    
 -0.500000000        -0.00000000    
 -0.449999988        -0.00000000    
 -0.400000006        -0.00000000    
 -0.349999994        -0.00000000    
 -0.300000012        -0.00000000    
 -0.250000000        -0.00000000    
 -0.200000003        -0.00000000    
 -0.150000006        -0.00000000    
 -0.100000001         0.00000000    
  -5.00000007E-02     0.00000000    
   1.77635684E-15     0.00000000    
   5.00000007E-02     0.00000000    
  0.100000001         0.00000000    
  0.150000006         0.00000000    
  0.200000003         0.00000000    
  0.250000000         0.00000000    
  0.300000012         0.00000000    
  0.349999994         0.00000000    
  0.400000006        -0.00000000    
  0.449999988        -0.00000000    
  0.500000000        -0.00000000    
  0.550000012        -0.00000000    
  0.600000024        -0.00000000    
  0.649999976        -0.00000000    
  0.699999988        -0.00000000    
  0.750000000        -0.00000000    
  0.800000012        -0.00000000    
  0.850000024        -0.00000000    
  0.899999976         0.00000000    
  0.949999988         0.00000000    
   1.00000000         0.00000000    
   1.04999995         0.00000000    
   1.10000002         0.00000000    
   1.14999998         0.00000000    
   1.20000005         0.00000000    
   1.25000000         0.00000000    
   1.29999995         0.00000000    
   1.35000002         0.00000000    
   1.39999998         0.00000000    
   1.45000005        -0.00000000    
   1.50000000        -0.00000000    
   1.54999995        -0.00000000    
   1.60000002        -0.00000000    
   1.64999998        -0.00000000    
   1.70000005        -0.00000000    
   1.75000000        -0.00000000    
   1.79999995        -0.00000000    
   1.85000002        -0.00000000    
   1.89999998        -0.00000000    
   1.95000005        -0.00000000    
   2.00000000         0.00000000    
   2.04999995         0.00000000    
   2.09999990         0.00000000    
   2.15000010         0.00000000    
   2.20000005         0.00000000    
   2.25000000         0.00000000    
   2.29999995         0.00000000    
   2.34999990         0.00000000    
   2.40000010         0.00000000    
   2.45000005         0.00000000    
   2.50000000         0.00000000    
   2.54999995        -0.00000000    
   2.59999990        -0.00000000    
   2.65000010        -0.00000000    
   2.70000005        -0.00000000    
   2.75000000        -0.00000000    
   2.79999995        -0.00000000    
   2.84999990        -0.00000000    
   2.90000010        -0.00000000    
   2.95000005        -0.00000000    
   3.00000000        -0.00000000    
   3.04999995        -0.00000000    
   3.09999990        -0.00000000    
   3.15000010         0.00000000    
   3.20000005         0.00000000    
   3.25000000         0.00000000    
   3.29999995         0.00000000    
   3.34999990         0.00000000    
   3.40000010         0.00000000    
   3.45000005         0.00000000    
   3.50000000         0.00000000    
   3.54999995         0.00000000    
   3.59999990         0.00000000    
   3.65000010         0.00000000    
   3.70000005        -0.00000000    
   3.75000000        -0.00000000    
   3.79999995        -0.00000000    
   3.84999990        -0.00000000    
   3.90000010        -0.00000000    
   3.95000005        -0.00000000    
   4.00000000        -0.00000000    
   4.05000019        -0.00000000    
   4.09999990        -0.00000000    
   4.15000010        -1.40129846E-45
   4.19999981        -1.40129846E-45
   4.25000000        -0.00000000    
   4.30000019        -0.00000000    
   4.34999990         1.40129846E-45
   4.40000010         2.80259693E-45
   4.44999981         4.20389539E-45
   4.50000000         8.40779079E-45
   4.55000019         1.12103877E-44
   4.59999990         1.68155816E-44
   4.65000010         2.24207754E-44
   4.69999981         2.80259693E-44
   4.75000000         3.22298647E-44
   4.80000019         3.22298647E-44
   4.84999990         2.80259693E-44
   4.90000010         1.40129846E-44
   4.94999981        -1.40129846E-44
   5.00000000        -6.30584309E-44
   5.05000019        -1.35925951E-43
   5.09999990        -2.41023336E-43
   5.15000010        -3.81153182E-43
   5.19999981        -5.56315490E-43
   5.25000000        -7.63707663E-43
   5.30000019        -9.85112820E-43
   5.34999990        -1.19110369E-42
   5.40000010        -1.33403614E-42
   5.44999981        -1.33683873E-42
   5.50000000        -1.09581540E-42
   5.55000019        -4.72237582E-43
   5.59999990         7.09057023E-43
   5.65000010         2.64985540E-42
   5.69999981         5.56876010E-42
   5.75000000         9.67596590E-42
   5.80000019         1.51242143E-41
   5.84999990         2.19569456E-41
   5.90000010         3.00074053E-41
   5.94999981         3.87963493E-41
   6.00000000         4.73764998E-41
   6.05000019         5.41741986E-41
   6.09999990         5.67988307E-41
   6.15000010         5.18606549E-41
   6.19999981         3.48166616E-41
   6.25000000        -1.16307773E-43
   6.30000019        -5.99307327E-41
   6.34999990        -1.52594396E-40
   6.40000010        -2.86557128E-40
   6.44999981        -4.69853974E-40
   6.50000000        -7.08748737E-40
   6.55000019        -1.00576095E-39
   6.59999990        -1.35699641E-39
   6.65000010        -1.74870418E-39
   6.69999981        -2.15301101E-39
   6.75000000        -2.52284591E-39
   6.80000019        -2.78614709E-39
   6.84999990        -2.83950012E-39
   6.90000010        -2.54144534E-39
   6.94999981        -1.70570253E-39
   7.00000000        -9.46058632E-41
   7.05000019         2.58710525E-39
   7.09999990         6.69813099E-39
   7.15000010         1.26664489E-38
   7.19999981         2.09958609E-38
   7.25000000         3.22744484E-38
   7.30000019         4.71863772E-38
   7.34999990         6.65282701E-38
   7.40000010         9.12300792E-38
   7.44999981         1.22376964E-37
   7.50000000         1.61222023E-37
   7.55000019         2.09167696E-37
   7.59999990         2.67673118E-37
   7.65000010         3.38013637E-37
   7.69999981         4.20769930E-37
   7.75000000         5.14856786E-37
   7.80000019         6.15805162E-37
   7.84999990         7.12885460E-37
   7.90000010         7.84497820E-37
   7.94999981         7.91062892E-37
   8.00000000         6.64424523E-37
   8.05000019         2.92559641E-37
   8.10000038        -5.01790407E-37
   8.14999962        -1.99001135E-36
   8.19999981        -4.57529034E-36
   8.25000000        -8.83972469E-36
   8.30000019        -1.56001847E-35
   8.35000038        -2.59698242E-35
   8.39999962        -4.14180384E-35
   8.44999981        -6.38152063E-35
   8.50000000        -9.54386905E-35
   8.55000019        -1.38902290E-34
   8.60000038        -1.96951163E-34
   8.64999962        -2.72036392E-34
   8.69999981        -3.65546968E-34
   8.75000000        -4.76529660E-34
   8.80000019        -5.99669489E-34
   8.85000038        -7.22236127E-34
   8.89999962        -8.19625099E-34
   8.94999981        -8.49051764E-34
   9.00000000        -7.40894482E-34
   9.05000019        -3.87164860E-34
   9.10000038         3.73361480E-34
   9.14999962         1.77363179E-33
   9.19999981         4.14029351E-33
   9.25000000         7.91829966E-33
   9.30000019         1.36960476E-32
   9.35000038         2.22270245E-32
   9.39999962         3.44410176E-32
   9.44999981         5.14337024E-32
   9.50000000         7.44174676E-32
   9.55000019         1.04608159E-31
   9.60000038         1.43011571E-31
   9.64999962         1.90059522E-31
   9.69999981         2.45027989E-31
   9.75000000         3.05148647E-31
   9.80000019         3.64301968E-31
   9.85000038         4.11153882E-31
   9.89999962         4.26576132E-31
   9.94999981         3.80172012E-31
   10.0000000         2.25730086E-31
   10.0500002        -1.04545917E-31
   10.1000004        -7.07106449E-31
   10.1499996        -1.71535132E-30
   10.1999998        -3.30881272E-30
   10.2500000        -5.72246524E-30
   10.3000002        -9.25473737E-30
   10.3500004        -1.42718375E-29
   10.3999996        -2.12046091E-29
   10.4499998        -3.05321947E-29
   10.5000000        -4.27441915E-29
   10.5500002        -5.82695401E-29
   10.6000004        -7.73559753E-29
   10.6499996        -9.98784741E-29
   10.6999998        -1.25048633E-28
   10.7500000        -1.50989441E-28
   10.8000002        -1.74132125E-28
   10.8500004        -1.88383959E-28
   10.8999996        -1.84010076E-28
   10.9499998        -1.46170090E-28
   11.0000000        -5.30554278E-29
   11.0500002         1.26409567E-28
   11.1000004         4.35303453E-28
   11.1499996         9.31815944E-28
   11.1999998         1.69255827E-27
   11.2500000         2.81573905E-27
   11.3000002         4.42362650E-27
   11.3500004         6.66336401E-27
   11.3999996         9.70471708E-27
   11.4499998         1.37326740E-26
   11.5000000         1.89319283E-26
   11.5500002         2.54591576E-26
   11.6000004         3.33975943E-26
   11.6499996         4.26866225E-26
   11.6999998         5.30171844E-26
   11.7500000         6.36813882E-26
   11.8000002         7.33624310E-26
   11.8500004         7.98485378E-26
   11.8999996         7.96529434E-26
   11.9499998         6.75211995E-26
   12.0000000         3.58085011E-26
   12.0500002        -2.62854925E-26
   12.1000004        -1.33626874E-25
   12.1499996        -3.06187461E-25
   12.1999998        -5.70170518E-25
   12.2500000        -9.59133278E-25
   12.3000002        -1.51495274E-24
   12.3500004        -2.28838708E-24
   12.3999996        -3.33885694E-24
   12.4499998        -4.73289327E-24
   12.5000000        -6.54047495E-24
   12.5500002        -8.82817394E-24
   12.6000004        -1.16476543E-23
   12.6499996        -1.50176224E-23
   12.6999998        -1.88967591E-23
   12.7500000        -2.31445589E-23
   12.8000002        -2.74662813E-23
   12.8500004        -3.13375405E-23
   12.8999996        -3.39033295E-23
   12.9499998        -3.38458752E-23
   13.0000000        -2.92153879E-23
   13.0500002        -1.72183786E-23
   13.1000004         6.04057695E-24
   13.1499996         4.58648337E-23
   13.1999998         1.09315775E-22
   13.2500000         2.05595428E-22
   13.3000002         3.46438175E-22
   13.3500004         5.46470228E-22
   13.3999996         8.23471780E-22
   13.4499998         1.19844132E-21
   13.5000000         1.69531797E-21
   13.5500002         2.34015555E-21
   13.6000004         3.15946542E-21
   13.6499996         4.17735055E-21
   13.6999998         5.41092685E-21
   13.7500000         6.86338654E-21
   13.8000002         8.51389216E-21
   13.8500004         1.03032801E-20
   13.8999996         1.21143662E-20
   13.9499998         1.37453959E-20
   14.0000000         1.48750080E-20
   14.0500002         1.50168792E-20
   14.1000004         1.34621754E-20
   14.1499996         9.20797909E-21
   14.1999998         8.70170275E-22
   14.2500000        -1.34200644E-20
   14.3000002        -3.61357728E-20
   14.3500004        -7.04875626E-20
   14.3999996        -1.20565529E-19
   14.4499998        -1.91480344E-19
   14.5000000        -2.89488192E-19
   14.5500002        -4.22075603E-19
   14.6000004        -5.97969847E-19
   14.6499996        -8.27024844E-19
   14.6999998        -1.11991518E-18
   14.7500000        -1.48754433E-18
   14.8000002        -1.94004687E-18
   14.8500004        -2.48522217E-18
   14.8999996        -3.12619926E-18
   14.9499998        -3.85807460E-18
   15.0000000        -4.66320672E-18
   15.0500002        -5.50478523E-18
   15.1000004        -6.31822059E-18
   15.1499996        -6.99981824E-18
   15.1999998        -7.39214752E-18
   15.2500000        -7.26544248E-18
   15.3000002        -6.29434857E-18
   15.3500004        -4.02933408E-18
   15.3999996         1.37826268E-19
   15.4499998         7.01492173E-18
   15.5000000         1.76566334E-17
   15.5500002         3.34179115E-17
   15.6000004         5.60121845E-17
   15.6499996         8.75721027E-17
   15.6999998         1.30708857E-16
   15.7500000         1.88563907E-16
   15.8000002         2.64844227E-16
   15.8500004         3.63827729E-16
   15.8999996         4.90321433E-16
   15.9499998         6.49547321E-16
   16.0000000         8.46923839E-16
   16.0499992         1.08770042E-15
   16.1000004         1.37638915E-15
   16.1499996         1.71592549E-15
   16.2000008         2.10646866E-15
   16.2500000         2.54373396E-15
   16.2999992         3.01672457E-15
   16.3500004         3.50470279E-15
   16.3999996         3.97321133E-15
   16.4500008         4.36892225E-15
   16.5000000         4.61305917E-15
   16.5499992         4.59310223E-15
   16.6000004         4.15246383E-15
   16.6499996         3.07778866E-15
   16.7000008         1.08353397E-15
   16.7500000        -2.20651236E-15
   16.7999992        -7.28107997E-15
   16.8500004        -1.47668522E-14
   16.8999996        -2.54575854E-14
   16.9500008        -4.03467915E-14
   17.0000000        -6.06635442E-14
   17.0499992        -8.79105816E-14
   17.1000004        -1.23903153E-13
   17.1499996        -1.70806389E-13
   17.2000008        -2.31167787E-13
   17.2500000        -3.07939926E-13
   17.2999992        -4.04486909E-13
   17.3500004        -5.24565255E-13
   17.3999996        -6.72267743E-13
   17.4500008        -8.51913754E-13
   17.5000000        -1.06786704E-12
   17.5499992        -1.32425375E-12
   17.6000004        -1.62454826E-12
   17.6499996        -1.97098739E-12
   17.7000008        -2.36375784E-12
   17.7500000        -2.79989985E-12
   17.7999992        -3.27184265E-12
   17.8500004        -3.76548358E-12
   17.8999996        -4.25769663E-12
   17.9500008        -4.71312789E-12
   18.0000000        -5.08012642E-12
   18.0499992        -5.28560789E-12
   18.1000004        -5.22862916E-12
   18.1499996        -4.77240730E-12
   18.2000008        -3.73447237E-12
   18.2500000        -1.87459683E-12
   18.2999992         1.11991373E-12
   18.3500004         5.65203526E-12
   18.3999996         1.22364913E-11
   18.4500008         2.15254654E-11
   18.5000000         3.43392641E-11
   18.5499992         5.17026491E-11
   18.6000004         7.48877557E-11
   18.6499996         1.05464450E-10
   18.7000008         1.45359197E-10
   18.7500000         1.96923533E-10
   18.7999992         2.63013278E-10
   18.8500004         3.47079948E-10
   18.8999996         4.53275306E-10
   18.9500008         5.86571125E-10
   19.0000000         7.52894691E-10
   19.0499992         9.59282431E-10
   19.1000004         1.21405286E-09
   19.1499996         1.52699942E-09
   19.2000008         1.90960625E-09
   19.2500000         2.37528708E-09
   19.2999992         2.93964786E-09
   19.3500004         3.62077590E-09
   19.3999996         4.43955406E-09
   19.4500008         5.42000222E-09
   19.5000000         6.58964350E-09
   19.5499992         7.97989941E-09
   19.6000004         9.62650315E-09
   19.6499996         1.15699450E-08
   19.7000008         1.38559288E-08
   19.7500000         1.65358518E-08
   19.7999992         1.96672882E-08
   19.8500004         2.33144934E-08
   19.8999996         2.75488947E-08
   19.9500008         3.24495844E-08
   20.0000000         3.81037921E-08
   20.0499992         4.46073258E-08
   20.1000004         5.20649834E-08
   20.1499996         6.05909136E-08
   20.2000008         7.03089071E-08
   20.2500000         8.13525958E-08
   20.2999992         9.38655589E-08
   20.3500004         1.08001366E-07
   20.3999996         1.23923371E-07
   20.4500008         1.41804463E-07
   20.5000000         1.61826577E-07
   20.5499992         1.84180081E-07
   20.6000004         2.09062804E-07
   20.6499996         2.36679028E-07
   20.7000008         2.67238079E-07
   20.7500000         3.00952678E-07
   20.7999992         3.38037097E-07
   20.8500004         3.78704925E-07
   20.8999996         4.23166483E-07
   20.9500008         4.71626208E-07
   21.0000000         5.24279301E-07
   21.0499992         5.81308484E-07
   21.1000004         6.42880195E-07
   21.1499996         7.09140750E-07
   21.2000008         7.80211906E-07
   21.2500000         8.56186603E-07
   21.2999992         9.37124298E-07
   21.3500004         1.02304614E-06
   21.3999996         1.11393024E-06
   21.4500008         1.20970697E-06
   21.5000000         1.31025388E-06
   21.5499992         1.41539135E-06
   21.6000004         1.52487803E-06
   21.6499996         1.63840684E-06
   21.7000008         1.75560115E-06
   21.7500000         1.87601188E-06
   21.7999992         1.99911460E-06
   21.8500004         2.12430768E-06
   21.8999996         2.25091162E-06
   21.9500008         2.37816835E-06
   22.0000000         2.50524226E-06
   22.0499992         2.63122274E-06
   22.1000004         2.75512548E-06
   22.1499996         2.87589910E-06
   22.2000008         2.99242834E-06
   22.2500000         3.10354267E-06
   22.2999992         3.20802337E-06
   22.3500004         3.30461307E-06
   22.3999996         3.39202620E-06
   22.4500008         3.46896149E-06
   22.5000000         3.53411428E-06
   22.5499992         3.58619013E-06
   22.6000004         3.62392052E-06
   22.6499996         3.64607808E-06
   22.7000008         3.65149231E-06
   22.7500000         3.63906634E-06
   22.7999992         3.60779381E-06
   22.8500004         3.55677480E-06
   22.8999996         3.48523236E-06
   22.9500008         3.39252824E-06
   23.0000000         3.27817725E-06
   23.0499992         3.14186082E-06
   23.1000004         2.98343980E-06
   23.1499996         2.80296445E-06
   23.2000008         2.60068305E-06
   23.2500000         2.37704899E-06
   23.2999992         2.13272460E-06
   23.3500004         1.86858313E-06
   23.3999996         1.58570822E-06
   23.4500008         1.28538966E-06
   23.5000000         9.69117764E-07
   23.5499992         6.38574249E-07
   23.6000004         2.95619969E-07
   23.6499996        -5.77190740E-08
   23.7000008        -4.19269071E-07
   23.7500000        -7.86727696E-07
   23.7999992        -1.15768592E-06
   23.8500004        -1.52965117E-06
   23.8999996        -1.90007290E-06
   23.9500008        -2.26636871E-06
   24.0000000        -2.62595177E-06
   24.0499992        -2.97625888E-06
   24.1000004        -3.31477850E-06
   24.1499996        -3.63907839E-06
   24.2000008        -3.94683229E-06
   24.2500000        -4.23584788E-06
   24.2999992        -4.50408788E-06
   24.3500004        -4.74969647E-06
   24.3999996        -4.97101792E-06
   24.4500008        -5.16661430E-06
   24.5000000        -5.33528100E-06
   24.5499992        -5.47605987E-06
   24.6000004        -5.58824740E-06
   24.6499996        -5.67139978E-06
   24.7000008        -5.72533691E-06
   24.7500000        -5.75013974E-06
   24.7999992        -5.74614705E-06
   24.8500004        -5.71394685E-06
   24.8999996        -5.65436630E-06
   24.9500008        -5.56845771E-06
   25.0000000        -5.45748298E-06
   25.0499992        -5.32289368E-06
   25.1000004        -5.16631098E-06
   25.1499996        -4.98950521E-06
   25.2000008        -4.79436858E-06
   25.2500000        -4.58289423E-06
   25.2999992        -4.35714901E-06
   25.3500004        -4.11924930E-06
   25.3999996        -3.87133605E-06
   25.4500008        -3.61555044E-06
   25.5000000        -3.35400978E-06
   25.5499992        -3.08878703E-06
   25.6000004        -2.82188876E-06
   25.6499996        -2.55523742E-06
   25.7000008        -2.29065404E-06
   25.7500000        -2.02984415E-06
   25.7999992        -1.77438415E-06
   25.8500004        -1.52571317E-06
   25.8999996        -1.28512409E-06
   25.9500008        -1.05375807E-06
   26.0000000        -8.32602325E-07
   26.0499992        -6.22488699E-07
   26.1000004        -4.24094878E-07
   26.1499996        -2.37947546E-07
   26.2000008        -6.44273044E-08
   26.2500000         9.62250368E-08
   26.2999992         2.43900672E-07
   26.3500004         3.78613862E-07
   26.3999996         5.00492263E-07
   26.4500008         6.09766289E-07
   26.5000000         7.06758328E-07
   26.5499992         7.91871230E-07
   26.6000004         8.65577192E-07
   26.6499996         9.28406394E-07
   26.7000008         9.80936079E-07
   26.7500000         1.02377976E-06
   26.7999992         1.05757749E-06
   26.8500004         1.08298593E-06
   26.8999996         1.10067015E-06
   26.9500008         1.11129509E-06
   27.0000000         1.11551878E-06
   27.0499992         1.11398572E-06
   27.1000004         1.10732174E-06
   27.1499996         1.09612881E-06
   27.2000008         1.08098163E-06
   27.2500000         1.06242442E-06
   27.2999992         1.04096841E-06
   27.3500004         1.01709031E-06
   27.3999996         9.91231445E-07
   27.4500008         9.63796992E-07
   27.5000000         9.35156038E-07
   27.5499992         9.05642310E-07
   27.6000004         8.75554917E-07
   27.6499996         8.45159207E-07
   27.7000008         8.14688690E-07
   27.7500000         7.84346184E-07
   27.7999992         7.54305859E-07
   27.8500004         7.24714880E-07
   27.8999996         6.95695348E-07
   27.9500008         6.67346342E-07
   28.0000000         6.39745451E-07
   28.0499992         6.12950885E-07
   28.1000004         5.87003115E-07
   28.1499996         5.61926470E-07
   28.2000008         5.37730671E-07
   28.2500000         5.14412136E-07
   28.2999992         4.91955575E-07
   28.3500004         4.70334697E-07
   28.3999996         4.49513408E-07
   28.4500008         4.29446629E-07
   28.5000000         4.10080958E-07
   28.5499992         3.91355371E-07
   28.6000004         3.73201459E-07
   28.6499996         3.55544017E-07
   28.7000008         3.38300993E-07
   28.7500000         3.21383880E-07
   28.7999992         3.04697664E-07
   28.8500004         2.88140740E-07
   28.8999996         2.71604989E-07
   28.9500008         2.54975589E-07
   29.0000000         2.38130880E-07
   29.0499992         2.20942340E-07
   29.1000004         2.03274325E-07
   29.1499996         1.84984131E-07
   29.2000008         1.65921847E-07
   29.2500000         1.45930528E-07
   29.2999992         1.24846210E-07
   29.3500004         1.02498227E-07
   29.3999996         7.87095829E-08
   29.4500008         5.32974553E-08
   29.5000000         2.60739306E-08
   29.5499992        -3.15314086E-09
   29.6000004        -3.45790347E-08
   29.6499996        -6.84008512E-08
   29.7000008        -1.04815975E-07
   29.7500000        -1.44020262E-07
   29.7999992        -1.86206066E-07
   29.8500004        -2.31559866E-07
   29.8999996        -2.80259798E-07
   29.9500008        -3.32472752E-07
   30.0000000        -3.88351509E-07
   30.0499992        -4.48031301E-07
   30.1000004        -5.11626411E-07
   30.1499996        -5.79226480E-07
   30.2000008        -6.50892844E-07
   30.2500000        -7.26654321E-07
   30.2999992        -8.06503579E-07
   30.3500004        -8.90392926E-07
   30.3999996        -9.78230332E-07
   30.4500008        -1.06987579E-06
   30.5000000        -1.16513718E-06
   30.5499992        -1.26376767E-06
   30.6000004        -1.36546169E-06
   30.6499996        -1.46985292E-06
   30.7000008        -1.57651164E-06
   30.7500000        -1.68494341E-06
   30.7999992        -1.79458800E-06
   30.8500004        -1.90481921E-06
   30.8999996        -2.01494527E-06
   30.9500008        -2.12421014E-06
   31.0000000        -2.23179700E-06
   31.0499992        -2.33682954E-06
   31.1000004        -2.43837871E-06
   31.1499996        -2.53546659E-06
   31.2000008        -2.62707363E-06
   31.2500000        -2.71214572E-06
   31.2999992        -2.78960351E-06
   31.3500004        -2.85835176E-06
   31.3999996        -2.91728998E-06
   31.4500008        -2.96532380E-06
   31.5000000        -3.00137708E-06
   31.5499992        -3.02440571E-06
   31.6000004        -3.03340926E-06
   31.6499996        -3.02744684E-06
   31.7000008        -3.00564898E-06
   31.7500000        -2.96723283E-06
   31.7999992        -2.91151559E-06
   31.8500004        -2.83792747E-06
   31.8999996        -2.74602417E-06
   31.9500008        -2.63549896E-06
   32.0000000        -2.50619360E-06
   32.0499992        -2.35810649E-06
   32.0999985        -2.19140202E-06
   32.1500015        -2.00641534E-06
   32.2000008        -1.80365771E-06
   32.2500000        -1.58381783E-06
   32.2999992        -1.34776269E-06
   32.3499985        -1.09653513E-06
   32.4000015        -8.31349269E-07
   32.4500008        -5.53583902E-07
   32.5000000        -2.64773291E-07
   32.5499992         3.34040315E-08
   32.5999985         3.39139063E-07
   32.6500015         6.50507900E-07
   32.7000008         9.65489335E-07
   32.7500000         1.28198394E-06
   32.7999992         1.59783531E-06
   32.8499985         1.91085132E-06
   32.9000015         2.21882760E-06
   32.9500008         2.51957090E-06
   33.0000000         2.81092275E-06
   33.0499992         3.09078337E-06
   33.0999985         3.35713480E-06
   33.1500015         3.60806348E-06
   33.2000008         3.84178202E-06
   33.2500000         4.05664878E-06
   33.2999992         4.25118651E-06
   33.3499985         4.42409873E-06
   33.4000015         4.57428405E-06
   33.4500008         4.70084615E-06
   33.5000000         4.80310473E-06
   33.5499992         4.88060095E-06
   33.5999985         4.93310063E-06
   33.6500015         4.96059374E-06
   33.7000008         4.96329358E-06
   33.7500000         4.94163032E-06
   33.7999992         4.89624335E-06
   33.8499985         4.82797032E-06
   33.9000015         4.73783484E-06
   33.9500008         4.62703065E-06
   34.0000000         4.49690378E-06
   34.0499992         4.34893673E-06
   34.0999985         4.18472564E-06
   34.1500015         4.00596082E-06
   34.2000008         3.81440486E-06
   34.2500000         3.61187131E-06
   34.2999992         3.40020279E-06
   34.3499985         3.18124921E-06
   34.4000015         2.95684845E-06
   34.4500008         2.72880493E-06
   34.5000000         2.49887285E-06
   34.5499992         2.26873794E-06
   34.5999985         2.04000344E-06
   34.6500015         1.81417499E-06
   34.7000008         1.59265119E-06
   34.7500000         1.37671191E-06
   34.7999992         1.16751255E-06
   34.8499985         9.66077437E-07
   34.9000015         7.73297131E-07
   34.9500008         5.89926685E-07
   35.0000000         4.16586317E-07
   35.0499992         2.53763346E-07
   35.0999985         1.01816262E-07
   35.1500015        -3.90202040E-08
   35.2000008        -1.68628517E-07
   35.2500000        -2.87000745E-07
   35.2999992        -3.94230199E-07
   35.3499985        -4.90502202E-07
   35.4000015        -5.76084517E-07
   35.4500008        -6.51317464E-07
   35.5000000        -7.16603836E-07
   35.5499992        -7.72398948E-07
   35.5999985        -8.19200750E-07
   35.6500015        -8.57540556E-07
   35.7000008        -8.87973783E-07
   35.7500000        -9.11071595E-07
   35.7999992        -9.27413112E-07
   35.8499985        -9.37578136E-07
   35.9000015        -9.42140673E-07
   35.9500008        -9.41663473E-07
   36.0000000        -9.36692743E-07
   36.0499992        -9.27754229E-07
   36.0999985        -9.15349801E-07
   36.1500015        -8.99954443E-07
   36.2000008        -8.82014490E-07
   36.2500000        -8.61945978E-07
   36.2999992        -8.40133964E-07
   36.3499985        -8.16931902E-07
   36.4000015        -7.92661865E-07
   36.4500008        -7.67615234E-07
   36.5000000        -7.42053146E-07
   36.5499992        -7.16207865E-07
   36.5999985        -6.90283912E-07
   36.6500015        -6.64459833E-07
   36.7000008        -6.38889617E-07
   36.7500000        -6.13704401E-07
   36.7999992        -5.89014519E-07
   36.8499985        -5.64910920E-07
   36.9000015        -5.41467045E-07
   36.9500008        -5.18740819E-07
   37.0000000        -4.96775840E-07
   37.0499992        -4.75603400E-07
   37.0999985        -4.55243850E-07
   37.1500015        -4.35707875E-07
   37.2000008        -4.16998034E-07
   37.2500000        -3.99109808E-07
   37.2999992        -3.82032852E-07
   37.3499985        -3.65751816E-07
   37.4000015        -3.50247461E-07
   37.4500008        -3.35497248E-07
   37.5000000        -3.21476307E-07
   37.5499992        -3.08157809E-07
   37.5999985        -2.95513729E-07
   37.6500015        -2.83515163E-07
   37.7000008        -2.72132866E-07
   37.7500000        -2.61337505E-07
   37.7999992        -2.51100005E-07
   37.8499985        -2.41391689E-07
   37.9000015        -2.32184590E-07
   37.9500008        -2.23451579E-07
   38.0000000        -2.15166381E-07
   38.0499992        -2.07303785E-07
   38.0999985        -1.99839647E-07
   38.1500015        -1.92750932E-07
   38.2000008        -1.86015697E-07
   38.2500000        -1.79613210E-07
   38.2999992        -1.73523773E-07
   38.3499985        -1.67728871E-07
   38.4000015        -1.62211023E-07
   38.4500008        -1.56953774E-07
   38.5000000        -1.51941705E-07
   38.5499992        -1.47160350E-07
   38.5999985        -1.42596122E-07
   38.6500015        -1.38236345E-07
   38.7000008        -1.34069126E-07
   38.7500000        -1.30083365E-07
   38.7999992        -1.26268702E-07
   38.8499985        -1.22615418E-07
   38.9000015        -1.19114482E-07
   38.9500008        -1.15757423E-07
   39.0000000        -1.12536348E-07
   39.0499992        -1.09443889E-07
   39.0999985        -1.06473145E-07
   39.1500015        -1.03617680E-07
   39.2000008        -1.00871475E-07
   39.2500000        -9.82288952E-08
   39.2999992        -9.56846762E-08
   39.3499985        -9.32338793E-08
   39.4000015        -9.08718860E-08
   39.4500008        -8.85943621E-08
   39.5000000        -8.63972502E-08
   39.5499992        -8.42767207E-08
   39.5999985        -8.22291923E-08
   39.6500015        -8.02513043E-08
   39.7000008        -7.83398733E-08
   39.7500000        -7.64919150E-08
   39.7999992        -7.47046158E-08
   39.8499985        -7.29753182E-08
   39.9000015        -7.13015282E-08
   39.9500008        -6.96808655E-08
   40.0000000        -6.81110990E-08
   40.0499992        -6.65901112E-08
   40.0999985        -6.51158985E-08
   40.1500015        -6.36865636E-08
   40.2000008        -6.23003089E-08
   40.2500000        -6.09554220E-08
   40.2999992        -5.96502829E-08
   40.3499985        -5.83833604E-08
   40.4000015        -5.71531835E-08
   40.4500008        -5.59583633E-08
   40.5000000        -5.47975674E-08
   40.5499992        -5.36695417E-08
   40.5999985        -5.25730783E-08
   40.6500015        -5.15070298E-08
   40.7000008        -5.04703017E-08
   40.7500000        -4.94618497E-08
   40.7999992        -4.84806790E-08
   40.8499985        -4.75258268E-08
   40.9000015        -4.65963907E-08
   40.9500008        -4.56914897E-08
   41.0000000        -4.48102924E-08
   41.0499992        -4.39520029E-08
   41.0999985        -4.31158504E-08
   41.1500015        -4.23010995E-08
   41.2000008        -4.15070538E-08
   41.2500000        -4.07330312E-08
   41.2999992        -3.99783886E-08
   41.3499985        -3.92425044E-08
   41.4000015        -3.85247780E-08
   41.4500008        -3.78246412E-08
   41.5000000        -3.71415432E-08
   41.5499992        -3.64749511E-08
   41.5999985        -3.58243604E-08
   41.6500015        -3.51892773E-08
   41.7000008        -3.45692293E-08
   41.7500000        -3.39637687E-08
   41.7999992        -3.33724550E-08
   41.8499985        -3.27948690E-08
   41.9000015        -3.22306057E-08
   41.9500008        -3.16792743E-08
   42.0000000        -3.11404982E-08
   42.0499992        -3.06139114E-08
   42.0999985        -3.00991694E-08
   42.1500015        -2.95959310E-08
   42.2000008        -2.91038713E-08
   42.2500000        -2.86226758E-08
   42.2999992        -2.81520407E-08
   42.3499985        -2.76916730E-08
   42.4000015        -2.72412883E-08
   42.4500008        -2.68006151E-08
   42.5000000        -2.63693867E-08
   42.5499992        -2.59473492E-08
   42.5999985        -2.55342538E-08
   42.6500015        -2.51298609E-08
   42.7000008        -2.47339393E-08
   42.7500000        -2.43462672E-08
   42.7999992        -2.39666278E-08
   42.8499985        -2.35948079E-08
   42.9000015        -2.32306068E-08
   42.9500008        -2.28738291E-08
   43.0000000        -2.25242829E-08
   43.0499992        -2.21817835E-08
   43.0999985        -2.18461516E-08
   43.1500015        -2.15172165E-08
   43.2000008        -2.11948077E-08
   43.2500000        -2.08787636E-08
   43.2999992        -2.05689261E-08
   43.3499985        -2.02651442E-08
   43.4000015        -1.99672652E-08
   43.4500008        -1.96751486E-08
   43.5000000        -1.93886525E-08
   43.5499992        -1.91076417E-08
   43.5999985        -1.88319849E-08
   43.6500015        -1.85615558E-08
   43.7000008        -1.82962268E-08
   43.7500000        -1.80358786E-08
   43.7999992        -1.77803958E-08
   43.8499985        -1.75296631E-08
   43.9000015        -1.72835684E-08
   43.9500008        -1.70420087E-08
   44.0000000        -1.68048739E-08
   44.0499992        -1.65720682E-08
   44.0999985        -1.63434883E-08
   44.1500015        -1.61190403E-08
   44.2000008        -1.58986300E-08
   44.2500000        -1.56821685E-08
   44.2999992        -1.54695652E-08
   44.3499985        -1.52607349E-08
   44.4000015        -1.50555941E-08
   44.4500008        -1.48540620E-08
   44.5000000        -1.46560586E-08
   44.5499992        -1.44615075E-08
   44.5999985        -1.42703325E-08
   44.6500015        -1.40824623E-08
   44.7000008        -1.38978233E-08
   44.7500000        -1.37163481E-08
   44.7999992        -1.35379681E-08
   44.8499985        -1.33626177E-08
   44.9000015        -1.31902338E-08
   44.9500008        -1.30207525E-08
   45.0000000        -1.28541133E-08
   45.0499992        -1.26902577E-08
   45.0999985        -1.25291262E-08
   45.1500015        -1.23706636E-08
   45.2000008        -1.22148149E-08
   45.2500000        -1.20615260E-08
   45.2999992        -1.19107453E-08
   45.3499985        -1.17624204E-08
   45.4000015        -1.16165033E-08
   45.4500008        -1.14729444E-08
   45.5000000        -1.13316956E-08
   45.5499992        -1.11927125E-08
   45.5999985        -1.10559482E-08
   45.6500015        -1.09213598E-08
   45.7000008        -1.07889040E-08
   45.7500000        -1.06585389E-08
   45.7999992        -1.05302229E-08
   45.8499985        -1.04039168E-08
   45.9000015        -1.02795816E-08
   45.9500008        -1.01571782E-08
   46.0000000        -1.00366702E-08
   46.0499992        -9.91802107E-09
   46.0999985        -9.80119452E-09
   46.1500015        -9.68615677E-09
   46.2000008        -9.57287405E-09
   46.2500000        -9.46131173E-09
   46.2999992        -9.35143785E-09
   46.3499985        -9.24322219E-09
   46.4000015        -9.13663190E-09
   46.4500008        -9.03163855E-09
   46.5000000        -8.92821017E-09
   46.5499992        -8.82632012E-09
   46.5999985        -8.72593819E-09
   46.6500015        -8.62703864E-09
   46.7000008        -8.52959303E-09
   46.7500000        -8.43357473E-09
   46.7999992        -8.33895886E-09
   46.8499985        -8.24571877E-09
   46.9000015        -8.15383139E-09
   46.9500008        -8.06327094E-09
   47.0000000        -7.97401523E-09
   47.0499992        -7.88603938E-09
   47.0999985        -7.79932119E-09
   47.1500015        -7.71383846E-09
   47.2000008        -7.62956986E-09
   47.2500000        -7.54649410E-09
   47.2999992        -7.46458984E-09
   47.3499985        -7.38383665E-09
   47.4000015        -7.30421501E-09
   47.4500008        -7.22570492E-09
   47.5000000        -7.14828730E-09
   47.5499992        -7.07194303E-09
   47.5999985        -6.99665437E-09
   47.6500015        -6.92240265E-09
   47.7000008        -6.84917101E-09
   47.7500000        -6.77694123E-09
   47.7999992        -6.70569733E-09
   47.8499985        -6.63542199E-09
   47.9000015        -6.56609922E-09
   47.9500008        -6.49771303E-09
