  -12.0000000         0.00000000    
  -11.9499998         0.00000000    
  -11.8999996         0.00000000    
  -11.8500004         0.00000000    
  -11.8000002         0.00000000    
  -11.7500000         0.00000000    
  -11.6999998         0.00000000    
  -11.6499996         0.00000000    
  -11.6000004         0.00000000    
  -11.5500002         0.00000000    
  -11.5000000         0.00000000    
  -11.4499998         0.00000000    
  -11.3999996         0.00000000    
  -11.3500004         0.00000000    
  -11.3000002         0.00000000    
  -11.2500000         0.00000000    
  -11.1999998         0.00000000    
  -11.1499996         0.00000000    
  -11.1000004         0.00000000    
  -11.0500002         0.00000000    
  -11.0000000         0.00000000    
  -10.9499998         0.00000000    
  -10.8999996         0.00000000    
  -10.8500004         0.00000000    
  -10.8000002         0.00000000    
  -10.7500000         0.00000000    
  -10.6999998         0.00000000    
  -10.6499996         0.00000000    
  -10.6000004         0.00000000    
  -10.5500002         0.00000000    
  -10.5000000        -0.00000000    
  -10.4499998         0.00000000    
  -10.3999996        -0.00000000    
  -10.3500004         0.00000000    
  -10.3000002        -0.00000000    
  -10.2500000         0.00000000    
  -10.1999998         0.00000000    
  -10.1499996        -0.00000000    
  -10.1000004        -0.00000000    
  -10.0500002        -0.00000000    
  -10.0000000         0.00000000    
  -9.94999981         0.00000000    
  -9.89999962        -0.00000000    
  -9.85000038        -0.00000000    
  -9.80000019        -0.00000000    
  -9.75000000         0.00000000    
  -9.69999981         0.00000000    
  -9.64999962         0.00000000    
  -9.60000038         0.00000000    
  -9.55000019        -0.00000000    
  -9.50000000        -0.00000000    
  -9.44999981        -0.00000000    
  -9.39999962         0.00000000    
  -9.35000038         0.00000000    
  -9.30000019         0.00000000    
  -9.25000000         0.00000000    
  -9.19999981        -0.00000000    
  -9.14999962        -0.00000000    
  -9.10000038        -0.00000000    
  -9.05000019        -0.00000000    
  -9.00000000        -0.00000000    
  -8.94999981         0.00000000    
  -8.89999962         0.00000000    
  -8.85000038         0.00000000    
  -8.80000019         0.00000000    
  -8.75000000        -0.00000000    
  -8.69999981        -0.00000000    
  -8.64999962        -0.00000000    
  -8.60000038        -0.00000000    
  -8.55000019        -0.00000000    
  -8.50000000         0.00000000    
  -8.44999981         0.00000000    
  -8.39999962         0.00000000    
  -8.35000038         0.00000000    
  -8.30000019         0.00000000    
  -8.25000000         0.00000000    
  -8.19999981        -0.00000000    
  -8.14999962        -0.00000000    
  -8.10000038        -0.00000000    
  -8.05000019        -0.00000000    
  -8.00000000        -0.00000000    
  -7.94999981         0.00000000    
  -7.90000010         0.00000000    
  -7.84999990         0.00000000    
  -7.80000019         0.00000000    
  -7.75000000         0.00000000    
  -7.69999981         0.00000000    
  -7.65000010        -0.00000000    
  -7.59999990        -0.00000000    
  -7.55000019        -0.00000000    
  -7.50000000        -0.00000000    
  -7.44999981        -0.00000000    
  -7.40000010        -0.00000000    
  -7.34999990         0.00000000    
  -7.30000019         0.00000000    
  -7.25000000         0.00000000    
  -7.19999981         0.00000000    
  -7.15000010         0.00000000    
  -7.09999990         0.00000000    
  -7.05000019         0.00000000    
  -7.00000000        -0.00000000    
  -6.94999981        -0.00000000    
  -6.90000010        -0.00000000    
  -6.84999990        -0.00000000    
  -6.80000019        -0.00000000    
  -6.75000000        -0.00000000    
  -6.69999981         0.00000000    
  -6.65000010         0.00000000    
  -6.59999990         0.00000000    
  -6.55000019         0.00000000    
  -6.50000000         0.00000000    
  -6.44999981         0.00000000    
  -6.40000010         0.00000000    
  -6.34999990        -0.00000000    
  -6.30000019        -0.00000000    
  -6.25000000        -0.00000000    
  -6.19999981        -0.00000000    
  -6.15000010        -0.00000000    
  -6.09999990        -0.00000000    
  -6.05000019        -0.00000000    
  -6.00000000         0.00000000    
  -5.94999981         0.00000000    
  -5.90000010         0.00000000    
  -5.84999990         0.00000000    
  -5.80000019         0.00000000    
  -5.75000000         0.00000000    
  -5.69999981         0.00000000    
  -5.65000010        -0.00000000    
  -5.59999990        -0.00000000    
  -5.55000019        -0.00000000    
  -5.50000000        -0.00000000    
  -5.44999981        -0.00000000    
  -5.40000010        -0.00000000    
  -5.34999990        -0.00000000    
  -5.30000019        -0.00000000    
  -5.25000000         0.00000000    
  -5.19999981         0.00000000    
  -5.15000010         0.00000000    
  -5.09999990         0.00000000    
  -5.05000019         0.00000000    
  -5.00000000         0.00000000    
  -4.94999981         0.00000000    
  -4.90000010        -0.00000000    
  -4.84999990        -0.00000000    
  -4.80000019        -0.00000000    
  -4.75000000        -0.00000000    
  -4.69999981        -0.00000000    
  -4.65000010        -0.00000000    
  -4.59999990        -0.00000000    
  -4.55000019        -0.00000000    
  -4.50000000         0.00000000    
  -4.44999981         0.00000000    
  -4.40000010         0.00000000    
  -4.34999990         0.00000000    
  -4.30000019         0.00000000    
  -4.25000000         0.00000000    
  -4.19999981         0.00000000    
  -4.15000010         0.00000000    
  -4.09999990        -0.00000000    
  -4.05000019        -0.00000000    
  -4.00000000        -0.00000000    
  -3.95000005        -0.00000000    
  -3.90000010        -0.00000000    
  -3.84999990        -0.00000000    
  -3.79999995        -0.00000000    
  -3.75000000        -0.00000000    
  -3.70000005         0.00000000    
  -3.65000010         0.00000000    
  -3.59999990         0.00000000    
  -3.54999995         0.00000000    
  -3.50000000         0.00000000    
  -3.45000005         0.00000000    
  -3.40000010         0.00000000    
  -3.34999990         0.00000000    
  -3.29999995         0.00000000    
  -3.25000000        -0.00000000    
  -3.20000005        -0.00000000    
  -3.15000010        -0.00000000    
  -3.09999990        -0.00000000    
  -3.04999995        -0.00000000    
  -3.00000000        -0.00000000    
  -2.95000005        -0.00000000    
  -2.90000010        -0.00000000    
  -2.84999990        -0.00000000    
  -2.79999995         0.00000000    
  -2.75000000         0.00000000    
  -2.70000005         0.00000000    
  -2.65000010         0.00000000    
  -2.59999990         0.00000000    
  -2.54999995         0.00000000    
  -2.50000000         0.00000000    
  -2.45000005         0.00000000    
  -2.40000010        -0.00000000    
  -2.34999990        -0.00000000    
  -2.29999995        -0.00000000    
  -2.25000000        -0.00000000    
  -2.20000005        -0.00000000    
  -2.15000010        -0.00000000    
  -2.09999990        -0.00000000    
  -2.04999995        -0.00000000    
  -2.00000000        -0.00000000    
  -1.95000005         0.00000000    
  -1.89999998         0.00000000    
  -1.85000002         0.00000000    
  -1.79999995         0.00000000    
  -1.75000000         0.00000000    
  -1.70000005         0.00000000    
  -1.64999998         0.00000000    
  -1.60000002         0.00000000    
  -1.54999995         0.00000000    
  -1.50000000         0.00000000    
  -1.45000005        -0.00000000    
  -1.39999998        -0.00000000    
  -1.35000002        -0.00000000    
  -1.29999995        -0.00000000    
  -1.25000000        -0.00000000    
  -1.20000005        -0.00000000    
  -1.14999998        -0.00000000    
  -1.10000002        -0.00000000    
  -1.04999995        -0.00000000    
  -1.00000000         0.00000000    
 -0.949999988         0.00000000    
 -0.899999976         0.00000000    
 -0.850000024         0.00000000    
 -0.800000012         0.00000000    
 -0.750000000         0.00000000    
 -0.699999988         0.00000000    
 -0.649999976         0.00000000    
 -0.600000024         0.00000000    
 -0.550000012         0.00000000    
 -0.500000000        -0.00000000    
 -0.449999988        -0.00000000    
 -0.400000006        -0.00000000    
 -0.349999994        -0.00000000    
 -0.300000012        -0.00000000    
 -0.250000000        -0.00000000    
 -0.200000003        -0.00000000    
 -0.150000006        -0.00000000    
 -0.100000001        -0.00000000    
  -5.00000007E-02    -0.00000000    
   1.77635684E-15     0.00000000    
   5.00000007E-02     0.00000000    
  0.100000001         0.00000000    
  0.150000006         0.00000000    
  0.200000003         0.00000000    
  0.250000000         0.00000000    
  0.300000012         0.00000000    
  0.349999994         0.00000000    
  0.400000006         0.00000000    
  0.449999988         0.00000000    
  0.500000000        -0.00000000    
  0.550000012        -0.00000000    
  0.600000024        -0.00000000    
  0.649999976        -0.00000000    
  0.699999988        -0.00000000    
  0.750000000        -0.00000000    
  0.800000012        -0.00000000    
  0.850000024        -0.00000000    
  0.899999976        -0.00000000    
  0.949999988        -0.00000000    
   1.00000000        -0.00000000    
   1.04999995         0.00000000    
   1.10000002         0.00000000    
   1.14999998         0.00000000    
   1.20000005         0.00000000    
   1.25000000         0.00000000    
   1.29999995         0.00000000    
   1.35000002         0.00000000    
   1.39999998         0.00000000    
   1.45000005         0.00000000    
   1.50000000         0.00000000    
   1.54999995        -0.00000000    
   1.60000002        -0.00000000    
   1.64999998        -0.00000000    
   1.70000005        -0.00000000    
   1.75000000        -0.00000000    
   1.79999995        -0.00000000    
   1.85000002        -0.00000000    
   1.89999998        -0.00000000    
   1.95000005        -0.00000000    
   2.00000000        -0.00000000    
   2.04999995        -0.00000000    
   2.09999990         0.00000000    
   2.15000010         0.00000000    
   2.20000005         0.00000000    
   2.25000000         0.00000000    
   2.29999995         0.00000000    
   2.34999990         0.00000000    
   2.40000010         0.00000000    
   2.45000005         0.00000000    
   2.50000000         0.00000000    
   2.54999995         0.00000000    
   2.59999990         0.00000000    
   2.65000010         0.00000000    
   2.70000005        -0.00000000    
   2.75000000        -0.00000000    
   2.79999995        -0.00000000    
   2.84999990        -0.00000000    
   2.90000010        -0.00000000    
   2.95000005        -0.00000000    
   3.00000000        -0.00000000    
   3.04999995        -0.00000000    
   3.09999990        -0.00000000    
   3.15000010        -0.00000000    
   3.20000005        -0.00000000    
   3.25000000         0.00000000    
   3.29999995         0.00000000    
   3.34999990         0.00000000    
   3.40000010         0.00000000    
   3.45000005         0.00000000    
   3.50000000         0.00000000    
   3.54999995         0.00000000    
   3.59999990         0.00000000    
   3.65000010         0.00000000    
   3.70000005         0.00000000    
   3.75000000         0.00000000    
   3.79999995         0.00000000    
   3.84999990        -0.00000000    
   3.90000010        -0.00000000    
   3.95000005        -0.00000000    
   4.00000000        -0.00000000    
   4.05000019        -0.00000000    
   4.09999990        -0.00000000    
   4.15000010        -0.00000000    
   4.19999981        -0.00000000    
   4.25000000        -0.00000000    
   4.30000019        -0.00000000    
   4.34999990        -0.00000000    
   4.40000010        -0.00000000    
   4.44999981         0.00000000    
   4.50000000         0.00000000    
   4.55000019         0.00000000    
   4.59999990         0.00000000    
   4.65000010         0.00000000    
   4.69999981         0.00000000    
   4.75000000         0.00000000    
   4.80000019         0.00000000    
   4.84999990         0.00000000    
   4.90000010         0.00000000    
   4.94999981         0.00000000    
   5.00000000         0.00000000    
   5.05000019         0.00000000    
   5.09999990        -0.00000000    
   5.15000010        -1.40129846E-45
   5.19999981        -1.40129846E-45
   5.25000000        -2.80259693E-45
   5.30000019        -4.20389539E-45
   5.34999990        -5.60519386E-45
   5.40000010        -7.00649232E-45
   5.44999981        -8.40779079E-45
   5.50000000        -9.80908925E-45
   5.55000019        -1.12103877E-44
   5.59999990        -1.12103877E-44
   5.65000010        -8.40779079E-45
   5.69999981        -1.40129846E-45
   5.75000000         9.80908925E-45
   5.80000019         2.80259693E-44
   5.84999990         5.32493416E-44
   5.90000010         8.82818033E-44
   5.94999981         1.35925951E-43
   6.00000000         1.91977890E-43
   6.05000019         2.57838917E-43
   6.09999990         3.27903841E-43
   6.15000010         3.93764868E-43
   6.19999981         4.41409016E-43
   6.25000000         4.52619404E-43
   6.30000019         3.97968764E-43
   6.34999990         2.41023336E-43
   6.40000010        -6.30584309E-44
   6.44999981        -5.67525878E-43
   6.50000000        -1.33403614E-42
   6.55000019        -2.42564764E-42
   6.59999990        -3.89981363E-42
   6.65000010        -5.80137564E-42
   6.69999981        -8.14714927E-42
   6.75000000        -1.09049046E-41
   6.80000019        -1.39737483E-41
   6.84999990        -1.71560971E-41
   6.90000010        -2.01254485E-41
   6.94999981        -2.23941508E-41
   7.00000000        -2.32685610E-41
   7.05000019        -2.18210197E-41
   7.09999990        -1.68422062E-41
   7.15000010        -6.79629755E-42
   7.19999981         1.02266762E-41
   7.25000000         3.65822977E-41
   7.30000019         7.51796626E-41
   7.34999990         1.29638325E-40
   7.40000010         2.04544734E-40
   7.44999981         3.05854409E-40
   7.50000000         4.41463667E-40
   7.55000019         6.22036388E-40
   7.59999990         8.62090026E-40
   7.65000010         1.18131703E-39
   7.69999981         1.60603938E-39
   7.75000000         2.17046418E-39
   7.80000019         2.91716289E-39
   7.84999990         3.89571062E-39
   7.90000010         5.15777467E-39
   7.94999981         6.74596431E-39
   8.00000000         8.67245263E-39
   8.05000019         1.08816795E-38
   8.10000038         1.31892426E-38
   8.14999962         1.51864894E-38
   8.19999981         1.60974287E-38
   8.25000000         1.45715730E-38
   8.30000019         8.39396137E-39
   8.35000038        -5.90735304E-39
   8.39999962        -3.35740266E-38
   8.44999981        -8.22605639E-38
   8.50000000        -1.62801914E-37
   8.55000019        -2.90069544E-37
   8.60000038        -4.83829931E-37
   8.64999962        -7.69439310E-37
   8.69999981        -1.17808861E-36
   8.75000000        -1.74613573E-36
   8.80000019        -2.51281648E-36
   8.85000038        -3.51528343E-36
   8.89999962        -4.77947903E-36
   8.94999981        -6.30476725E-36
   9.00000000        -8.03955269E-36
   9.05000019        -9.84426225E-36
   9.10000038        -1.14371826E-35
   9.14999962        -1.23176942E-35
   9.19999981        -1.16607224E-35
   9.25000000        -8.17591979E-36
   9.30000019         7.43379138E-38
   9.35000038         1.59019317E-35
   9.39999962         4.32641327E-35
   9.44999981         8.75695881E-35
   9.50000000         1.55995688E-34
   9.55000019         2.57771516E-34
   9.60000038         4.04346868E-34
   9.64999962         6.09319288E-34
   9.69999981         8.87921321E-34
   9.75000000         1.25577841E-33
   9.80000019         1.72651945E-33
   9.85000038         2.30766604E-33
   9.89999962         2.99402323E-33
   9.94999981         3.75755585E-33
   10.0000000         4.53246561E-33
   10.0500002         5.19389057E-33
   10.1000004         5.52838997E-33
   10.1499996         5.19416901E-33
   10.1999998         3.66899448E-33
   10.2500000         1.84031481E-34
   10.3000002        -6.35733867E-33
   10.3500004        -1.74750166E-32
   10.3999996        -3.52184073E-32
   10.4499998        -6.22750811E-32
   10.5000000        -1.02066423E-31
   10.5500002        -1.58804079E-31
   10.6000004        -2.37466104E-31
   10.6499996        -3.43630124E-31
   10.6999998        -4.83073494E-31
   10.7500000        -6.61011648E-31
   10.8000002        -8.80800738E-31
   10.8500004        -1.14186957E-30
   10.8999996        -1.43657832E-30
   10.9499998        -1.74562209E-30
   11.0000000        -2.03151153E-30
   11.0500002        -2.22958402E-30
   11.1000004        -2.23593658E-30
   11.1499996        -1.89164613E-30
   11.1999998        -9.62703636E-31
   11.2500000         8.84732438E-31
   11.3000002         4.11377395E-30
   11.3500004         9.35025672E-30
   11.3999996         1.74184234E-29
   11.4499998         2.93753217E-29
   11.5000000         4.65378733E-29
   11.5500002         7.04929239E-29
   11.6000004         1.03075542E-28
   11.6499996         1.46294060E-28
   11.6999998         2.02171270E-28
   11.7500000         2.72459937E-28
   11.8000002         3.58176025E-28
   11.8500004         4.58876017E-28
   11.8999996         5.71584182E-28
   11.9499998         6.89252723E-28
   12.0000000         7.98614922E-28
   12.0500002         8.77267542E-28
   12.1000004         8.89803516E-28
   12.1499996         7.82809489E-28
   12.1999998         4.78558684E-28
   12.2500000        -1.32720250E-28
   12.3000002        -1.20201717E-27
   12.3500004        -2.93199550E-27
   12.3999996        -5.58827833E-27
   12.4499998        -9.51067578E-27
   12.5000000        -1.51228195E-26
   12.5500002        -2.29377455E-26
   12.6000004        -3.35557424E-26
   12.6499996        -4.76490075E-26
   12.6999998        -6.59255681E-26
   12.7500000        -8.90618785E-26
   12.8000002        -1.17590195E-25
   12.8500004        -1.51722136E-25
   12.8999996        -1.91085111E-25
   12.9499998        -2.34341905E-25
   13.0000000        -2.78657916E-25
   13.0500002        -3.18973294E-25
   13.1000004        -3.47031819E-25
   13.1499996        -3.50113973E-25
   13.1999998        -3.09420188E-25
   13.2500000        -1.98056016E-25
   13.3000002         2.14164966E-26
   13.3500004         3.99867997E-25
   13.3999996         1.00489214E-24
   13.4499998         1.92438220E-24
   13.5000000         3.27016589E-24
   13.5500002         5.18130745E-24
   13.6000004         7.82645786E-24
   13.6499996         1.14043160E-23
   13.6999998         1.61408546E-23
   13.7500000         2.22814094E-23
   13.8000002         3.00750222E-23
   13.8500004         3.97475897E-23
   13.8999996         5.14592302E-23
   13.9499998         6.52400401E-23
   14.0000000         8.08969159E-23
   14.0500002         9.78823912E-23
   14.1000004         1.15114610E-22
   14.1499996         1.30735797E-22
   14.1999998         1.41794681E-22
   14.2500000         1.43837389E-22
   14.3000002         1.30390390E-22
   14.3500004         9.23204485E-23
   14.3999996         1.70594421E-23
   14.4499998        -1.12311894E-22
   14.5000000        -3.18115897E-22
   14.5500002        -6.29243168E-22
   14.6000004        -1.08238209E-21
   14.6499996        -1.72322623E-21
   14.6999998        -2.60752068E-21
   14.7500000        -3.80173462E-21
   14.8000002        -5.38305394E-21
   14.8500004        -7.43826010E-21
   14.8999996        -1.00608944E-20
   14.9499998        -1.33459178E-20
   15.0000000        -1.73808014E-20
   15.0500002        -2.22316858E-20
   15.1000004        -2.79228839E-20
   15.1499996        -3.44075631E-20
   15.1999998        -4.15269354E-20
   15.2500000        -4.89547943E-20
   15.3000002        -5.61235842E-20
   15.3500004        -6.21277005E-20
   15.3999996        -6.55991255E-20
   15.4499998        -6.45501054E-20
   15.5000000        -5.61774931E-20
   15.5500002        -3.66234055E-20
   15.6000004        -6.87891304E-22
   15.6499996         5.85093411E-20
   15.6999998         1.49918033E-19
   15.7500000         2.84992853E-19
   15.8000002         4.78164006E-19
   15.8500004         7.47322425E-19
   15.8999996         1.11428508E-18
   15.9499998         1.60518865E-18
   16.0000000         2.25073508E-18
   16.0499992         3.08618005E-18
   16.1000004         4.15091846E-18
   16.1499996         5.48746324E-18
   16.2000008         7.13955551E-18
   16.2500000         9.14905929E-18
   16.2999992         1.15512025E-17
   16.3500004         1.43676078E-17
   16.3999996         1.75964031E-17
   16.4500008         2.11985893E-17
   16.5000000         2.50795934E-17
   16.5499992         2.90647808E-17
   16.6000004         3.28674724E-17
   16.6499996         3.60477436E-17
   16.7000008         3.79600892E-17
   16.7500000         3.76877748E-17
   16.7999992         3.39615180E-17
   16.8500004         2.50600157E-17
   16.8999996         8.68980365E-18
   16.9500008        -1.81579379E-17
   17.0000000        -5.93756464E-17
   17.0499992        -1.19934042E-16
   17.1000004        -2.06103352E-16
   17.1499996        -3.25699732E-16
   17.2000008        -4.88352558E-16
   17.2500000        -7.05785703E-16
   17.2999992        -9.92099621E-16
   17.3500004        -1.36403676E-15
   17.3999996        -1.84120229E-15
   17.4500008        -2.44620320E-15
   17.5000000        -3.20465281E-15
   17.5499992        -4.14497267E-15
   17.6000004        -5.29790055E-15
   17.6499996        -6.69558157E-15
   17.7000008        -8.37009922E-15
   17.7500000        -1.03512373E-14
   17.7999992        -1.26632493E-14
   17.8500004        -1.53203086E-14
   17.8999996        -1.83202808E-14
   17.9500008        -2.16363504E-14
   18.0000000        -2.52059353E-14
   18.0499992        -2.89162310E-14
   18.1000004        -3.25855167E-14
   18.1499996        -3.59393369E-14
   18.2000008        -3.85802942E-14
   18.2500000        -3.99501904E-14
   18.2999992        -3.92828470E-14
   18.3500004        -3.55457918E-14
   18.3999996        -2.73686205E-14
   18.4500008        -1.29556002E-14
   18.5000000         1.00203854E-14
   18.5499992         4.45457066E-14
   18.6000004         9.44193657E-14
   18.6499996         1.64435983E-13
   18.7000008         2.60602900E-13
   18.7500000         3.90396564E-13
   18.7999992         5.63063702E-13
   18.8500004         7.89973338E-13
   18.8999996         1.08502649E-12
   18.9500008         1.46513021E-12
   19.0000000         1.95074404E-12
   19.0499992         2.56650669E-12
   19.1000004         3.34195106E-12
   19.1499996         4.31231656E-12
   19.2000008         5.51946683E-12
   19.2500000         7.01292193E-12
   19.2999992         8.85101627E-12
   19.3500004         1.11021825E-11
   19.3999996         1.38463780E-11
   19.4500008         1.71766559E-11
   19.5000000         2.12008883E-11
   19.5499992         2.60436360E-11
   19.6000004         3.18481838E-11
   19.6499996         3.87787198E-11
   19.7000008         4.70226809E-11
   19.7500000         5.67932194E-11
   19.7999992         6.83318263E-11
   19.8500004         8.19110335E-11
   19.8999996         9.78372661E-11
   19.9500008         1.16453722E-10
   20.0000000         1.38143261E-10
   20.0499992         1.63331376E-10
   20.1000004         1.92489025E-10
   20.1499996         2.26135402E-10
   20.2000008         2.64840538E-10
   20.2500000         3.09227616E-10
   20.2999992         3.59975105E-10
   20.3500004         4.17818308E-10
   20.3999996         4.83550533E-10
   20.4500008         5.58023627E-10
   20.5000000         6.42147946E-10
   20.5499992         7.36891270E-10
   20.6000004         8.43276837E-10
   20.6499996         9.62380731E-10
   20.7000008         1.09532738E-09
   20.7500000         1.24328470E-09
   20.7999992         1.40745682E-09
   20.8500004         1.58907609E-09
   20.8999996         1.78939352E-09
   20.9500008         2.00966688E-09
   21.0000000         2.25114727E-09
   21.0499992         2.51506527E-09
   21.1000004         2.80261259E-09
   21.1499996         3.11492476E-09
   21.2000008         3.45306028E-09
   21.2500000         3.81797838E-09
   21.2999992         4.21051638E-09
   21.3500004         4.63136329E-09
   21.3999996         5.08103470E-09
   21.4500008         5.55984636E-09
   21.5000000         6.06788397E-09
   21.5499992         6.60497701E-09
   21.6000004         7.17066939E-09
   21.6499996         7.76419284E-09
   21.7000008         8.38443892E-09
   21.7500000         9.02993413E-09
   21.7999992         9.69881597E-09
   21.8500004         1.03888116E-08
   21.8999996         1.10972209E-08
   21.9500008         1.18209007E-08
   22.0000000         1.25562574E-08
   22.0499992         1.32992373E-08
   22.1000004         1.40453302E-08
   22.1499996         1.47895731E-08
   22.2000008         1.55265631E-08
   22.2500000         1.62504783E-08
   22.2999992         1.69551004E-08
   22.3500004         1.76338517E-08
   22.3999996         1.82798310E-08
   22.4500008         1.88858689E-08
   22.5000000         1.94445775E-08
   22.5499992         1.99484163E-08
   22.6000004         2.03897645E-08
   22.6499996         2.07609929E-08
   22.7000008         2.10545483E-08
   22.7500000         2.12630429E-08
   22.7999992         2.13793392E-08
   22.8500004         2.13966533E-08
   22.8999996         2.13086455E-08
   22.9500008         2.11095177E-08
   23.0000000         2.07941113E-08
   23.0499992         2.03579980E-08
   23.1000004         1.97975751E-08
   23.1499996         1.91101464E-08
   23.2000008         1.82939992E-08
   23.2500000         1.73484800E-08
   23.2999992         1.62740452E-08
   23.3500004         1.50723221E-08
   23.3999996         1.37461322E-08
   23.4500008         1.22995250E-08
   23.5000000         1.07377796E-08
   23.5499992         9.06739928E-09
   23.6000004         7.29608995E-09
   23.6499996         5.43272005E-09
   23.7000008         3.48726514E-09
   23.7500000         1.47073775E-09
   23.7999992        -6.04900463E-10
   23.8500004        -2.72683920E-09
   23.8999996        -4.88153518E-09
   23.9500008        -7.05483938E-09
   24.0000000        -9.23213506E-09
   24.0499992        -1.13984884E-08
   24.1000004        -1.35387976E-08
   24.1499996        -1.56379603E-08
   24.2000008        -1.76810264E-08
   24.2500000        -1.96533758E-08
   24.2999992        -2.15408651E-08
   24.3500004        -2.33299939E-08
   24.3999996        -2.50080525E-08
   24.4500008        -2.65632654E-08
   24.5000000        -2.79849210E-08
   24.5499992        -2.92634894E-08
   24.6000004        -3.03907264E-08
   24.6499996        -3.13597539E-08
   24.7000008        -3.21651434E-08
   24.7500000        -3.28029550E-08
   24.7999992        -3.32707621E-08
   24.8500004        -3.35676837E-08
   24.8999996        -3.36943522E-08
   24.9500008        -3.36529098E-08
   25.0000000        -3.34469377E-08
   25.0499992        -3.30814096E-08
   25.1000004        -3.25626068E-08
   25.1499996        -3.18980149E-08
   25.2000008        -3.10962207E-08
   25.2500000        -3.01667917E-08
   25.2999992        -2.91201356E-08
   25.3500004        -2.79673813E-08
   25.3999996        -2.67202172E-08
   25.4500008        -2.53907544E-08
   25.5000000        -2.39913795E-08
   25.5499992        -2.25346071E-08
   25.6000004        -2.10329407E-08
   25.6499996        -1.94987386E-08
   25.7000008        -1.79440853E-08
   25.7500000        -1.63806693E-08
   25.7999992        -1.48196806E-08
   25.8500004        -1.32717082E-08
   25.8999996        -1.17466605E-08
   25.9500008        -1.02536903E-08
   26.0000000        -8.80114293E-09
   26.0499992        -7.39650430E-09
   26.1000004        -6.04637851E-09
   26.1499996        -4.75646500E-09
   26.2000008        -3.53155860E-09
   26.2500000        -2.37555331E-09
   26.2999992        -1.29146382E-09
   26.3500004        -2.81453361E-10
   26.3999996         6.53128607E-10
   26.4500008         1.51170054E-09
   26.5000000         2.29439667E-09
   26.5499992         3.00200931E-09
   26.6000004         3.63592845E-09
   26.6499996         4.19807611E-09
   26.7000008         4.69084149E-09
   26.7500000         5.11701481E-09
   26.7999992         5.47972201E-09
   26.8500004         5.78235948E-09
   26.8999996         6.02853234E-09
   26.9500008         6.22199803E-09
   27.0000000         6.36660902E-09
   27.0499992         6.46626175E-09
   27.1000004         6.52485177E-09
   27.1499996         6.54623156E-09
   27.2000008         6.53417320E-09
   27.2500000         6.49233733E-09
   27.2999992         6.42424602E-09
   27.3500004         6.33325969E-09
   27.3999996         6.22256158E-09
   27.4500008         6.09514217E-09
   27.5000000         5.95379257E-09
   27.5499992         5.80109605E-09
   27.6000004         5.63942892E-09
   27.6499996         5.47096013E-09
   27.7000008         5.29765387E-09
   27.7500000         5.12127762E-09
   27.7999992         4.94340791E-09
   27.8500004         4.76544137E-09
   27.8999996         4.58860328E-09
   27.9500008         4.41396164E-09
   28.0000000         4.24243707E-09
   28.0499992         4.07481737E-09
   28.1000004         3.91176957E-09
   28.1499996         3.75385234E-09
   28.2000008         3.60153063E-09
   28.2500000         3.45518592E-09
   28.2999992         3.31513084E-09
   28.3500004         3.18161875E-09
   28.3999996         3.05485703E-09
   28.4500008         2.93501579E-09
   28.5000000         2.82223911E-09
   28.5499992         2.71665446E-09
   28.6000004         2.61838085E-09
   28.6499996         2.52753729E-09
   28.7000008         2.44424925E-09
   28.7500000         2.36865705E-09
   28.7999992         2.30092034E-09
   28.8500004         2.24122365E-09
   28.8999996         2.18978147E-09
   28.9500008         2.14684204E-09
   29.0000000         2.11268958E-09
   29.0499992         2.08764805E-09
   29.1000004         2.07208184E-09
   29.1499996         2.06639639E-09
   29.2000008         2.07103890E-09
   29.2500000         2.08649742E-09
   29.2999992         2.11329798E-09
   29.3500004         2.15200324E-09
   29.3999996         2.20320762E-09
   29.4500008         2.26753327E-09
   29.5000000         2.34562325E-09
   29.5499992         2.43813592E-09
   29.6000004         2.54573540E-09
   29.6499996         2.66908362E-09
   29.7000008         2.80882873E-09
   29.7500000         2.96559444E-09
   29.7999992         3.13996673E-09
   29.8500004         3.33248096E-09
   29.8999996         3.54360608E-09
   29.9500008         3.77373022E-09
   30.0000000         4.02314315E-09
   30.0499992         4.29202007E-09
   30.1000004         4.58040361E-09
   30.1499996         4.88818630E-09
   30.2000008         5.21509369E-09
   30.2500000         5.56066349E-09
   30.2999992         5.92423310E-09
   30.3500004         6.30491881E-09
   30.3999996         6.70160283E-09
   30.4500008         7.11292003E-09
   30.5000000         7.53724283E-09
   30.5499992         7.97267408E-09
   30.6000004         8.41703862E-09
   30.6499996         8.86787710E-09
   30.7000008         9.32244770E-09
   30.7500000         9.77772530E-09
   30.7999992         1.02304076E-08
   30.8500004         1.06769260E-08
   30.8999996         1.11134595E-08
   30.9500008         1.15359535E-08
   31.0000000         1.19401422E-08
   31.0499992         1.23215775E-08
   31.1000004         1.26756605E-08
   31.1499996         1.29976812E-08
   31.2000008         1.32828548E-08
   31.2500000         1.35263747E-08
   31.2999992         1.37234544E-08
   31.3500004         1.38693865E-08
   31.3999996         1.39595944E-08
   31.4500008         1.39896912E-08
   31.5000000         1.39555389E-08
   31.5499992         1.38533114E-08
   31.6000004         1.36795499E-08
   31.6499996         1.34312259E-08
   31.7000008         1.31057982E-08
   31.7500000         1.27012649E-08
   31.7999992         1.22162191E-08
   31.8500004         1.16498926E-08
   31.8999996         1.10021974E-08
   31.9500008         1.02737596E-08
   32.0000000         9.46594891E-09
   32.0499992         8.58089333E-09
   32.0999985         7.62149632E-09
   32.1500015         6.59143229E-09
   32.2000008         5.49514079E-09
   32.2500000         4.33780922E-09
   32.2999992         3.12534087E-09
   32.3499985         1.86432070E-09
   32.4000015         5.61963698E-10
   32.4500008        -7.73941244E-10
   32.5000000        -2.13509921E-09
   32.5499992        -3.51278384E-09
   32.5999985        -4.89792074E-09
   32.6500015        -6.28117691E-09
   32.7000008        -7.65305419E-09
   32.7500000        -9.00398867E-09
   32.7999992        -1.03244542E-08
   32.8499985        -1.16050627E-08
   32.9000015        -1.28366677E-08
   32.9500008        -1.40104666E-08
   33.0000000        -1.51180970E-08
   33.0499992        -1.61517324E-08
   33.0999985        -1.71041705E-08
   33.1500015        -1.79689081E-08
   33.2000008        -1.87402183E-08
   33.2500000        -1.94132124E-08
   33.2999992        -1.99838901E-08
   33.3499985        -2.04491748E-08
   33.4000015        -2.08069526E-08
   33.4500008        -2.10560760E-08
   33.5000000        -2.11963780E-08
   33.5499992        -2.12286562E-08
   33.5999985        -2.11546496E-08
   33.6500015        -2.09770157E-08
   33.7000008        -2.06992734E-08
   33.7500000        -2.03257553E-08
   33.7999992        -1.98615453E-08
   33.8499985        -1.93123970E-08
   33.9000015        -1.86846627E-08
   33.9500008        -1.79852044E-08
   34.0000000        -1.72213053E-08
   34.0499992        -1.64005769E-08
   34.0999985        -1.55308637E-08
   34.1500015        -1.46201504E-08
   34.2000008        -1.36764697E-08
   34.2500000        -1.27078108E-08
   34.2999992        -1.17220376E-08
   34.3499985        -1.07268026E-08
   34.4000015        -9.72947856E-09
   34.4500008        -8.73708572E-09
   34.5000000        -7.75623565E-09
   34.5499992        -6.79307810E-09
   34.5999985        -5.85325921E-09
   34.6500015        -4.94188690E-09
   34.7000008        -4.06350731E-09
   34.7500000        -3.22208682E-09
   34.7999992        -2.42100517E-09
   34.8499985        -1.66305658E-09
   34.9000015        -9.50457490E-10
   34.9500008        -2.84861468E-10
   35.0000000         3.32618544E-10
   35.0499992         9.01383468E-10
   35.0999985         1.42131606E-09
   35.1500015         1.89274485E-09
   35.2000008         2.31640529E-09
   35.2500000         2.69339839E-09
   35.2999992         3.02514813E-09
   35.3499985         3.31335737E-09
   35.4000015         3.55996588E-09
   35.4500008         3.76710618E-09
   35.5000000         3.93706312E-09
   35.5499992         4.07223411E-09
   35.5999985         4.17509183E-09
   35.6500015         4.24814983E-09
   35.7000008         4.29393010E-09
   35.7500000         4.31493552E-09
   35.7999992         4.31362412E-09
   35.8499985         4.29238600E-09
   35.9000015         4.25352598E-09
   35.9500008         4.19924762E-09
   36.0000000         4.13164036E-09
   36.0499992         4.05266931E-09
   36.0999985         3.96416988E-09
   36.1500015         3.86784293E-09
   36.2000008         3.76525211E-09
   36.2500000         3.65782427E-09
   36.2999992         3.54685170E-09
   36.3499985         3.43349482E-09
   36.4000015         3.31878658E-09
   36.4500008         3.20363869E-09
   36.5000000         3.08884762E-09
   36.5499992         2.97510216E-09
   36.5999985         2.86298962E-09
   36.6500015         2.75300494E-09
   36.7000008         2.64555755E-09
   36.7500000         2.54097920E-09
   36.7999992         2.43953191E-09
   36.8499985         2.34141484E-09
   36.9000015         2.24677188E-09
   36.9500008         2.15569762E-09
   37.0000000         2.06824424E-09
   37.0499992         1.98442685E-09
   37.0999985         1.90422944E-09
   37.1500015         1.82760895E-09
   37.2000008         1.75450088E-09
   37.2500000         1.68482228E-09
   37.2999992         1.61847591E-09
   37.3499985         1.55535362E-09
   37.4000015         1.49533830E-09
   37.4500008         1.43830747E-09
   37.5000000         1.38413470E-09
   37.5499992         1.33269129E-09
   37.5999985         1.28384869E-09
   37.6500015         1.23747879E-09
   37.7000008         1.19345556E-09
   37.7500000         1.15165566E-09
   37.7999992         1.11195964E-09
   37.8499985         1.07425158E-09
   37.9000015         1.03842035E-09
   37.9500008         1.00435915E-09
   38.0000000         9.71966396E-10
   38.0499992         9.41145384E-10
   38.0999985         9.11804243E-10
   38.1500015         8.83856210E-10
   38.2000008         8.57219185E-10
   38.2500000         8.31816060E-10
   38.2999992         8.07574119E-10
   38.3499985         7.84425191E-10
   38.4000015         7.62305219E-10
   38.4500008         7.41154305E-10
   38.5000000         7.20916216E-10
   38.5499992         7.01538438E-10
   38.5999985         6.82971901E-10
   38.6500015         6.65170696E-10
   38.7000008         6.48091913E-10
   38.7500000         6.31695529E-10
   38.7999992         6.15944129E-10
   38.8499985         6.00802741E-10
   38.9000015         5.86238724E-10
   38.9500008         5.72221603E-10
   39.0000000         5.58722790E-10
   39.0499992         5.45715695E-10
   39.0999985         5.33175337E-10
   39.1500015         5.21078347E-10
   39.2000008         5.09402909E-10
   39.2500000         4.98128538E-10
   39.2999992         4.87235918E-10
   39.3499985         4.76707174E-10
   39.4000015         4.66525263E-10
   39.4500008         4.56674282E-10
   39.5000000         4.47139298E-10
   39.5499992         4.37906211E-10
   39.5999985         4.28961727E-10
   39.6500015         4.20293383E-10
   39.7000008         4.11889356E-10
   39.7500000         4.03738459E-10
   39.7999992         3.95830230E-10
   39.8499985         3.88154647E-10
   39.9000015         3.80702303E-10
   39.9500008         3.73464287E-10
   40.0000000         3.66432079E-10
   40.0499992         3.59597713E-10
   40.0999985         3.52953555E-10
   40.1500015         3.46492335E-10
   40.2000008         3.40207196E-10
   40.2500000         3.34091588E-10
   40.2999992         3.28139266E-10
   40.3499985         3.22344318E-10
   40.4000015         3.16701082E-10
   40.4500008         3.11204146E-10
   40.5000000         3.05848402E-10
   40.5499992         3.00628911E-10
   40.5999985         2.95540953E-10
   40.6500015         2.90580116E-10
   40.7000008         2.85742041E-10
   40.7500000         2.81022650E-10
   40.7999992         2.76418000E-10
   40.8499985         2.71924372E-10
   40.9000015         2.67538103E-10
   40.9500008         2.63255778E-10
   41.0000000         2.59074068E-10
   41.0499992         2.54989807E-10
   41.0999985         2.50999915E-10
   41.1500015         2.47101478E-10
   41.2000008         2.43291692E-10
   41.2500000         2.39567866E-10
   41.2999992         2.35927361E-10
   41.3499985         2.32367695E-10
   41.4000015         2.28886479E-10
   41.4500008         2.25481370E-10
   41.5000000         2.22150173E-10
   41.5499992         2.18890711E-10
   41.5999985         2.15700943E-10
   41.6500015         2.12578857E-10
   41.7000008         2.09522552E-10
   41.7500000         2.06530168E-10
   41.7999992         2.03599915E-10
   41.8499985         2.00730085E-10
   41.9000015         1.97919001E-10
   41.9500008         1.95165079E-10
   42.0000000         1.92466737E-10
   42.0499992         1.89822505E-10
   42.0999985         1.87230939E-10
   42.1500015         1.84690638E-10
   42.2000008         1.82200227E-10
   42.2500000         1.79758444E-10
   42.2999992         1.77363985E-10
   42.3499985         1.75015669E-10
   42.4000015         1.72712275E-10
   42.4500008         1.70452680E-10
   42.5000000         1.68235786E-10
   42.5499992         1.66060499E-10
   42.5999985         1.63925803E-10
   42.6500015         1.61830674E-10
   42.7000008         1.59774138E-10
   42.7500000         1.57755267E-10
   42.7999992         1.55773131E-10
   42.8499985         1.53826840E-10
   42.9000015         1.51915550E-10
   42.9500008         1.50038426E-10
   43.0000000         1.48194637E-10
   43.0499992         1.46383419E-10
   43.0999985         1.44603995E-10
   43.1500015         1.42855630E-10
   43.2000008         1.41137602E-10
   43.2500000         1.39449230E-10
   43.2999992         1.37789821E-10
   43.3499985         1.36158723E-10
   43.4000015         1.34555284E-10
   43.4500008         1.32978906E-10
   43.5000000         1.31428965E-10
   43.5499992         1.29904879E-10
   43.5999985         1.28406077E-10
   43.6500015         1.26932020E-10
   43.7000008         1.25482152E-10
   43.7500000         1.24055946E-10
   43.7999992         1.22652888E-10
   43.8499985         1.21272506E-10
   43.9000015         1.19914287E-10
   43.9500008         1.18577773E-10
   44.0000000         1.17262505E-10
   44.0499992         1.15968048E-10
   44.0999985         1.14693956E-10
   44.1500015         1.13439799E-10
   44.2000008         1.12205183E-10
   44.2500000         1.10989690E-10
   44.2999992         1.09792939E-10
   44.3499985         1.08614541E-10
   44.4000015         1.07454136E-10
   44.4500008         1.06311356E-10
   44.5000000         1.05185839E-10
   44.5499992         1.04077261E-10
   44.5999985         1.02985266E-10
   44.6500015         1.01909536E-10
   44.7000008         1.00849752E-10
   44.7500000         9.98056082E-11
   44.7999992         9.87767854E-11
   44.8499985         9.77629991E-11
   44.9000015         9.67639649E-11
   44.9500008         9.57793844E-11
   45.0000000         9.48089940E-11
   45.0499992         9.38525160E-11
   45.0999985         9.29097008E-11
   45.1500015         9.19802776E-11
   45.2000008         9.10640105E-11
   45.2500000         9.01606428E-11
   45.2999992         8.92699387E-11
   45.3499985         8.83916620E-11
   45.4000015         8.75255909E-11
   45.4500008         8.66715033E-11
   45.5000000         8.58291771E-11
   45.5499992         8.49984041E-11
   45.5999985         8.41789624E-11
   45.6500015         8.33706715E-11
   45.7000008         8.25733093E-11
   45.7500000         8.17866955E-11
   45.7999992         8.10106426E-11
   45.8499985         8.02449565E-11
   45.9000015         7.94894497E-11
   45.9500008         7.87439627E-11
   46.0000000         7.80083081E-11
   46.0499992         7.72823125E-11
   46.0999985         7.65658231E-11
   46.1500015         7.58586666E-11
   46.2000008         7.51606902E-11
   46.2500000         7.44717274E-11
   46.2999992         7.37916395E-11
   46.3499985         7.31202598E-11
   46.4000015         7.24574636E-11
   46.4500008         7.18030843E-11
   46.5000000         7.11569970E-11
   46.5499992         7.05190628E-11
   46.5999985         6.98891431E-11
   46.6500015         6.92671059E-11
   46.7000008         6.86528265E-11
   46.7500000         6.80461729E-11
   46.7999992         6.74470202E-11
   46.8499985         6.68552574E-11
   46.9000015         6.62707528E-11
   46.9500008         6.56933952E-11
   47.0000000         6.51230736E-11
   47.0499992         6.45596701E-11
   47.0999985         6.40030806E-11
   47.1500015         6.34531941E-11
   47.2000008         6.29099065E-11
   47.2500000         6.23731136E-11
   47.2999992         6.18427115E-11
   47.3499985         6.13186030E-11
   47.4000015         6.08006909E-11
   47.4500008         6.02888781E-11
   47.5000000         5.97830743E-11
   47.5499992         5.92831825E-11
   47.5999985         5.87891194E-11
   47.6500015         5.83007878E-11
   47.7000008         5.78181045E-11
   47.7500000         5.73409896E-11
   47.7999992         5.68693495E-11
   47.8499985         5.64031113E-11
   47.9000015         5.59421884E-11
   47.9500008         5.54865043E-11
