  -12.0000000         0.00000000    
  -11.9499998         0.00000000    
  -11.8999996         0.00000000    
  -11.8500004         0.00000000    
  -11.8000002         0.00000000    
  -11.7500000         0.00000000    
  -11.6999998         0.00000000    
  -11.6499996         0.00000000    
  -11.6000004         0.00000000    
  -11.5500002         0.00000000    
  -11.5000000         0.00000000    
  -11.4499998         0.00000000    
  -11.3999996         0.00000000    
  -11.3500004         0.00000000    
  -11.3000002         0.00000000    
  -11.2500000         0.00000000    
  -11.1999998         0.00000000    
  -11.1499996         0.00000000    
  -11.1000004         0.00000000    
  -11.0500002         0.00000000    
  -11.0000000         0.00000000    
  -10.9499998         0.00000000    
  -10.8999996         0.00000000    
  -10.8500004         0.00000000    
  -10.8000002         0.00000000    
  -10.7500000         0.00000000    
  -10.6999998         0.00000000    
  -10.6499996         0.00000000    
  -10.6000004         0.00000000    
  -10.5500002         0.00000000    
  -10.5000000        -0.00000000    
  -10.4499998         0.00000000    
  -10.3999996        -0.00000000    
  -10.3500004         0.00000000    
  -10.3000002        -0.00000000    
  -10.2500000         0.00000000    
  -10.1999998         0.00000000    
  -10.1499996        -0.00000000    
  -10.1000004        -0.00000000    
  -10.0500002        -0.00000000    
  -10.0000000         0.00000000    
  -9.94999981         0.00000000    
  -9.89999962        -0.00000000    
  -9.85000038        -0.00000000    
  -9.80000019        -0.00000000    
  -9.75000000         0.00000000    
  -9.69999981         0.00000000    
  -9.64999962         0.00000000    
  -9.60000038         0.00000000    
  -9.55000019        -0.00000000    
  -9.50000000        -0.00000000    
  -9.44999981        -0.00000000    
  -9.39999962        -0.00000000    
  -9.35000038         0.00000000    
  -9.30000019         0.00000000    
  -9.25000000         0.00000000    
  -9.19999981         0.00000000    
  -9.14999962        -0.00000000    
  -9.10000038        -0.00000000    
  -9.05000019        -0.00000000    
  -9.00000000        -0.00000000    
  -8.94999981         0.00000000    
  -8.89999962         0.00000000    
  -8.85000038         0.00000000    
  -8.80000019         0.00000000    
  -8.75000000         0.00000000    
  -8.69999981        -0.00000000    
  -8.64999962        -0.00000000    
  -8.60000038        -0.00000000    
  -8.55000019        -0.00000000    
  -8.50000000        -0.00000000    
  -8.44999981         0.00000000    
  -8.39999962         0.00000000    
  -8.35000038         0.00000000    
  -8.30000019         0.00000000    
  -8.25000000         0.00000000    
  -8.19999981        -0.00000000    
  -8.14999962        -0.00000000    
  -8.10000038        -0.00000000    
  -8.05000019        -0.00000000    
  -8.00000000        -0.00000000    
  -7.94999981        -0.00000000    
  -7.90000010         0.00000000    
  -7.84999990         0.00000000    
  -7.80000019         0.00000000    
  -7.75000000         0.00000000    
  -7.69999981         0.00000000    
  -7.65000010         0.00000000    
  -7.59999990        -0.00000000    
  -7.55000019        -0.00000000    
  -7.50000000        -0.00000000    
  -7.44999981        -0.00000000    
  -7.40000010        -0.00000000    
  -7.34999990        -0.00000000    
  -7.30000019         0.00000000    
  -7.25000000         0.00000000    
  -7.19999981         0.00000000    
  -7.15000010         0.00000000    
  -7.09999990         0.00000000    
  -7.05000019         0.00000000    
  -7.00000000        -0.00000000    
  -6.94999981        -0.00000000    
  -6.90000010        -0.00000000    
  -6.84999990        -0.00000000    
  -6.80000019        -0.00000000    
  -6.75000000        -0.00000000    
  -6.69999981        -0.00000000    
  -6.65000010         0.00000000    
  -6.59999990         0.00000000    
  -6.55000019         0.00000000    
  -6.50000000         0.00000000    
  -6.44999981         0.00000000    
  -6.40000010         0.00000000    
  -6.34999990         0.00000000    
  -6.30000019        -0.00000000    
  -6.25000000        -0.00000000    
  -6.19999981        -0.00000000    
  -6.15000010        -0.00000000    
  -6.09999990        -0.00000000    
  -6.05000019        -0.00000000    
  -6.00000000        -0.00000000    
  -5.94999981         0.00000000    
  -5.90000010         0.00000000    
  -5.84999990         0.00000000    
  -5.80000019         0.00000000    
  -5.75000000         0.00000000    
  -5.69999981         0.00000000    
  -5.65000010         0.00000000    
  -5.59999990        -0.00000000    
  -5.55000019        -0.00000000    
  -5.50000000        -0.00000000    
  -5.44999981        -0.00000000    
  -5.40000010        -0.00000000    
  -5.34999990        -0.00000000    
  -5.30000019        -0.00000000    
  -5.25000000         0.00000000    
  -5.19999981         0.00000000    
  -5.15000010         0.00000000    
  -5.09999990         0.00000000    
  -5.05000019         0.00000000    
  -5.00000000         0.00000000    
  -4.94999981         0.00000000    
  -4.90000010         0.00000000    
  -4.84999990        -0.00000000    
  -4.80000019        -0.00000000    
  -4.75000000        -0.00000000    
  -4.69999981        -0.00000000    
  -4.65000010        -0.00000000    
  -4.59999990        -0.00000000    
  -4.55000019        -0.00000000    
  -4.50000000        -0.00000000    
  -4.44999981         0.00000000    
  -4.40000010         0.00000000    
  -4.34999990         0.00000000    
  -4.30000019         0.00000000    
  -4.25000000         0.00000000    
  -4.19999981         0.00000000    
  -4.15000010         0.00000000    
  -4.09999990         0.00000000    
  -4.05000019        -0.00000000    
  -4.00000000        -0.00000000    
  -3.95000005        -0.00000000    
  -3.90000010        -0.00000000    
  -3.84999990        -0.00000000    
  -3.79999995        -0.00000000    
  -3.75000000        -0.00000000    
  -3.70000005        -0.00000000    
  -3.65000010         0.00000000    
  -3.59999990         0.00000000    
  -3.54999995         0.00000000    
  -3.50000000         0.00000000    
  -3.45000005         0.00000000    
  -3.40000010         0.00000000    
  -3.34999990         0.00000000    
  -3.29999995         0.00000000    
  -3.25000000        -0.00000000    
  -3.20000005        -0.00000000    
  -3.15000010        -0.00000000    
  -3.09999990        -0.00000000    
  -3.04999995        -0.00000000    
  -3.00000000        -0.00000000    
  -2.95000005        -0.00000000    
  -2.90000010        -0.00000000    
  -2.84999990        -0.00000000    
  -2.79999995         0.00000000    
  -2.75000000         0.00000000    
  -2.70000005         0.00000000    
  -2.65000010         0.00000000    
  -2.59999990         0.00000000    
  -2.54999995         0.00000000    
  -2.50000000         0.00000000    
  -2.45000005         0.00000000    
  -2.40000010         0.00000000    
  -2.34999990        -0.00000000    
  -2.29999995        -0.00000000    
  -2.25000000        -0.00000000    
  -2.20000005        -0.00000000    
  -2.15000010        -0.00000000    
  -2.09999990        -0.00000000    
  -2.04999995        -0.00000000    
  -2.00000000        -0.00000000    
  -1.95000005        -0.00000000    
  -1.89999998         0.00000000    
  -1.85000002         0.00000000    
  -1.79999995         0.00000000    
  -1.75000000         0.00000000    
  -1.70000005         0.00000000    
  -1.64999998         0.00000000    
  -1.60000002         0.00000000    
  -1.54999995         0.00000000    
  -1.50000000         0.00000000    
  -1.45000005        -0.00000000    
  -1.39999998        -0.00000000    
  -1.35000002        -0.00000000    
  -1.29999995        -0.00000000    
  -1.25000000        -0.00000000    
  -1.20000005        -0.00000000    
  -1.14999998        -0.00000000    
  -1.10000002        -0.00000000    
  -1.04999995        -0.00000000    
  -1.00000000        -0.00000000    
 -0.949999988         0.00000000    
 -0.899999976         0.00000000    
 -0.850000024         0.00000000    
 -0.800000012         0.00000000    
 -0.750000000         0.00000000    
 -0.699999988         0.00000000    
 -0.649999976         0.00000000    
 -0.600000024         0.00000000    
 -0.550000012         0.00000000    
 -0.500000000         0.00000000    
 -0.449999988        -0.00000000    
 -0.400000006        -0.00000000    
 -0.349999994        -0.00000000    
 -0.300000012        -0.00000000    
 -0.250000000        -0.00000000    
 -0.200000003        -0.00000000    
 -0.150000006        -0.00000000    
 -0.100000001        -0.00000000    
  -5.00000007E-02    -0.00000000    
   1.77635684E-15    -0.00000000    
   5.00000007E-02     0.00000000    
  0.100000001         0.00000000    
  0.150000006         0.00000000    
  0.200000003         0.00000000    
  0.250000000         0.00000000    
  0.300000012         0.00000000    
  0.349999994         0.00000000    
  0.400000006         0.00000000    
  0.449999988         0.00000000    
  0.500000000         0.00000000    
  0.550000012        -0.00000000    
  0.600000024        -0.00000000    
  0.649999976        -0.00000000    
  0.699999988        -0.00000000    
  0.750000000        -0.00000000    
  0.800000012        -0.00000000    
  0.850000024        -0.00000000    
  0.899999976        -0.00000000    
  0.949999988        -0.00000000    
   1.00000000        -0.00000000    
   1.04999995         0.00000000    
   1.10000002         0.00000000    
   1.14999998         0.00000000    
   1.20000005         0.00000000    
   1.25000000         0.00000000    
   1.29999995         0.00000000    
   1.35000002         0.00000000    
   1.39999998         0.00000000    
   1.45000005         0.00000000    
   1.50000000         0.00000000    
   1.54999995         0.00000000    
   1.60000002        -0.00000000    
   1.64999998        -0.00000000    
   1.70000005        -0.00000000    
   1.75000000        -0.00000000    
   1.79999995        -0.00000000    
   1.85000002        -0.00000000    
   1.89999998        -0.00000000    
   1.95000005        -0.00000000    
   2.00000000        -0.00000000    
   2.04999995        -0.00000000    
   2.09999990        -0.00000000    
   2.15000010         0.00000000    
   2.20000005         0.00000000    
   2.25000000         0.00000000    
   2.29999995         0.00000000    
   2.34999990         0.00000000    
   2.40000010         0.00000000    
   2.45000005         0.00000000    
   2.50000000         0.00000000    
   2.54999995         0.00000000    
   2.59999990         0.00000000    
   2.65000010         0.00000000    
   2.70000005        -0.00000000    
   2.75000000        -0.00000000    
   2.79999995        -0.00000000    
   2.84999990        -0.00000000    
   2.90000010        -0.00000000    
   2.95000005        -0.00000000    
   3.00000000        -0.00000000    
   3.04999995        -0.00000000    
   3.09999990        -0.00000000    
   3.15000010        -0.00000000    
   3.20000005        -0.00000000    
   3.25000000        -0.00000000    
   3.29999995         0.00000000    
   3.34999990         0.00000000    
   3.40000010         0.00000000    
   3.45000005         0.00000000    
   3.50000000         0.00000000    
   3.54999995         0.00000000    
   3.59999990         0.00000000    
   3.65000010         0.00000000    
   3.70000005         0.00000000    
   3.75000000         0.00000000    
   3.79999995         0.00000000    
   3.84999990         0.00000000    
   3.90000010        -0.00000000    
   3.95000005        -0.00000000    
   4.00000000        -0.00000000    
   4.05000019        -0.00000000    
   4.09999990        -0.00000000    
   4.15000010        -0.00000000    
   4.19999981        -0.00000000    
   4.25000000        -0.00000000    
   4.30000019        -0.00000000    
   4.34999990        -0.00000000    
   4.40000010        -0.00000000    
   4.44999981        -0.00000000    
   4.50000000         0.00000000    
   4.55000019         0.00000000    
   4.59999990         0.00000000    
   4.65000010         0.00000000    
   4.69999981         0.00000000    
   4.75000000         0.00000000    
   4.80000019         0.00000000    
   4.84999990         0.00000000    
   4.90000010         0.00000000    
   4.94999981         0.00000000    
   5.00000000         0.00000000    
   5.05000019         0.00000000    
   5.09999990        -0.00000000    
   5.15000010        -0.00000000    
   5.19999981        -0.00000000    
   5.25000000        -1.40129846E-45
   5.30000019        -1.40129846E-45
   5.34999990        -1.40129846E-45
   5.40000010        -2.80259693E-45
   5.44999981        -2.80259693E-45
   5.50000000        -4.20389539E-45
   5.55000019        -4.20389539E-45
   5.59999990        -4.20389539E-45
   5.65000010        -4.20389539E-45
   5.69999981        -1.40129846E-45
   5.75000000         1.40129846E-45
   5.80000019         7.00649232E-45
   5.84999990         1.54142831E-44
   5.90000010         2.80259693E-44
   5.94999981         4.62428493E-44
   6.00000000         6.72623263E-44
   6.05000019         9.24856986E-44
   6.09999990         1.21912966E-43
   6.15000010         1.49938936E-43
   6.19999981         1.73761010E-43
   6.25000000         1.87773994E-43
   6.30000019         1.77964905E-43
   6.34999990         1.33123354E-43
   6.40000010         3.50324616E-44
   6.44999981        -1.40129846E-43
   6.50000000        -4.14784345E-43
   6.55000019        -8.18358303E-43
   6.59999990        -1.37747639E-42
   6.65000010        -2.11596068E-42
   6.69999981        -3.04502156E-42
   6.75000000        -4.15905384E-42
   6.80000019        -5.42582765E-42
   6.84999990        -6.76827158E-42
   6.90000010        -8.05606487E-42
   6.94999981        -9.08181535E-42
   7.00000000        -9.54564514E-42
   7.05000019        -9.02856601E-42
   7.09999990        -6.97706505E-42
   7.15000010        -2.67507877E-42
   7.19999981         4.77562517E-42
   7.25000000         1.64764673E-41
   7.30000019         3.37628852E-41
   7.34999990         5.82295564E-41
   7.40000010         9.17724377E-41
   7.44999981         1.36653225E-40
   7.50000000         1.95579227E-40
   7.55000019         2.71814067E-40
   7.59999990         3.69320618E-40
   7.65000010         4.92896926E-40
   7.69999981         6.48256084E-40
   7.75000000         8.41932347E-40
   7.80000019         1.08078787E-39
   7.84999990         1.37076697E-39
   7.90000010         1.71430930E-39
   7.94999981         2.10553362E-39
   8.00000000         2.52189723E-39
   8.05000019         2.91050111E-39
   8.10000038         3.16654217E-39
   8.14999962         3.10064611E-39
   8.19999981         2.39101875E-39
   8.25000000         5.15560126E-40
   8.30000019        -3.34134574E-39
   8.35000038        -1.04124659E-38
   8.39999962        -2.25055456E-38
   8.44999981        -4.21955378E-38
   8.50000000        -7.30448292E-38
   8.55000019        -1.19833170E-37
   8.60000038        -1.88760150E-37
   8.64999962        -2.87553283E-37
   8.69999981        -4.25371570E-37
   8.75000000        -6.12331287E-37
   8.80000019        -8.58394902E-37
   8.85000038        -1.17124534E-36
   8.89999962        -1.55261951E-36
   8.94999981        -1.99237898E-36
   9.00000000        -2.45937324E-36
   9.05000019        -2.88788179E-36
   9.10000038        -3.15815814E-36
   9.14999962        -3.06934568E-36
   9.19999981        -2.30288287E-36
   9.25000000        -3.74574680E-37
   9.30000019         3.42608928E-36
   9.35000038         1.01097278E-35
   9.39999962         2.10723261E-35
   9.44999981         3.81868122E-35
   9.50000000         6.38901670E-35
   9.55000019         1.01246649E-34
   9.60000038         1.53954874E-34
   9.64999962         2.26248454E-34
   9.69999981         3.22614103E-34
   9.75000000         4.47217928E-34
   9.80000019         6.02885063E-34
   9.85000038         7.89422149E-34
   9.89999962         1.00100333E-33
   9.94999981         1.22225956E-33
   10.0000000         1.42262275E-33
   10.0500002         1.54839018E-33
   10.1000004         1.51189732E-33
   10.1499996         1.17715731E-33
   10.1999998         3.41364317E-34
   10.2500000        -1.28816209E-33
   10.3000002        -4.12162445E-33
   10.3500004        -8.71829189E-33
   10.3999996        -1.58200293E-32
   10.4499998        -2.63830039E-32
   10.5000000        -4.16008450E-32
   10.5500002        -6.29084198E-32
   10.6000004        -9.19494192E-32
   10.6499996        -1.30483047E-31
   10.6999998        -1.80194197E-31
   10.7500000        -2.42357853E-31
   10.8000002        -3.17290940E-31
   10.8500004        -4.03503576E-31
   10.8999996        -4.96437172E-31
   10.9499998        -5.86649640E-31
   11.0000000        -6.57279688E-31
   11.0500002        -6.80598487E-31
   11.1000004        -6.13441366E-31
   11.1499996        -3.91317085E-31
   11.1999998         7.89709330E-32
   11.2500000         9.28262404E-31
   11.3000002         2.33543400E-30
   11.3500004         4.53884587E-30
   11.3999996         7.84796215E-30
   11.4499998         1.26535538E-29
   11.5000000         1.94338414E-29
   11.5500002         2.87524850E-29
   11.6000004         4.12422611E-29
   11.6499996         5.75656609E-29
   11.6999998         7.83399991E-29
   11.7500000         1.04010256E-28
   11.8000002         1.34647396E-28
   11.8500004         1.69643060E-28
   11.8999996         2.07264440E-28
   11.9499998         2.44024376E-28
   12.0000000         2.73813890E-28
   12.0500002         2.86737024E-28
   12.1000004         2.67583121E-28
   12.1499996         1.93873449E-28
   12.1999998         3.34289709E-29
   12.2500000        -2.58568301E-28
   12.3000002        -7.42999939E-28
   12.3500004        -1.50062038E-27
   12.3999996        -2.63602263E-27
   12.4499998        -4.28134188E-27
   12.5000000        -6.59900405E-27
   12.5500002        -9.78243837E-27
   12.6000004        -1.40531503E-26
   12.6499996        -1.96518486E-26
   12.6999998        -2.68203987E-26
   12.7500000        -3.57702291E-26
   12.8000002        -4.66313492E-26
   12.8500004        -5.93744234E-26
   12.8999996        -7.36962732E-26
   12.9499998        -8.88569411E-26
   13.0000000        -1.03453906E-25
   13.0500002        -1.15116759E-25
   13.1000004        -1.20103530E-25
   13.1499996        -1.12778636E-25
   13.1999998        -8.49528500E-26
   13.2500000        -2.50688640E-26
   13.3000002         8.27771469E-26
   13.3500004         2.59973943E-25
   13.3999996         5.34667883E-25
   13.4499998         9.43109836E-25
   13.5000000         1.53096612E-24
   13.5500002         2.35440980E-24
   13.6000004         3.48071030E-24
   13.6499996         4.98789927E-24
   13.6999998         6.96291312E-24
   13.7500000         9.49737412E-24
   13.8000002         1.26798725E-23
   13.8500004         1.65832383E-23
   13.8999996         2.12448414E-23
   13.9499998         2.66374031E-23
   14.0000000         3.26271924E-23
   14.0500002         3.89157833E-23
   14.1000004         4.49607897E-23
   14.1499996         4.98703128E-23
   14.1999998         5.22651115E-23
   14.2500000         5.01022222E-23
   14.3000002         4.04535635E-23
   14.3500004         1.92338599E-23
   14.3999996        -1.91262103E-23
   14.4499998        -8.20625746E-23
   14.5000000        -1.79311618E-22
   14.5500002        -3.23382762E-22
   14.6000004        -5.30044907E-22
   14.6499996        -8.18784709E-22
   14.6999998        -1.21316972E-21
   14.7500000        -1.74101768E-21
   14.8000002        -2.43422816E-21
   14.8500004        -3.32807678E-21
   14.8999996        -4.45969863E-21
   14.9499998        -5.86539515E-21
   15.0000000        -7.57628779E-21
   15.0500002        -9.61169897E-21
   15.1000004        -1.19694779E-20
   15.1499996        -1.46123135E-20
   15.1999998        -1.74488273E-20
   15.2500000        -2.03080337E-20
   15.3000002        -2.29055117E-20
   15.3500004        -2.47993465E-20
   15.3999996        -2.53337343E-20
   15.4499998        -2.35679719E-20
   15.5000000        -1.81884997E-20
   15.5500002        -7.40187304E-21
   15.6000004         1.11931197E-20
   15.6499996         4.07550272E-20
   15.6999998         8.53705064E-20
   15.7500000         1.50243581E-19
   15.8000002         2.41897415E-19
   15.8500004         3.68377984E-19
   15.8999996         5.39442890E-19
   15.9499998         7.66709160E-19
   16.0000000         1.06372387E-18
   16.0499992         1.44590416E-18
   16.1000004         1.93027642E-18
   16.1499996         2.53491753E-18
   16.2000008         3.27797346E-18
   16.2500000         4.17608874E-18
   16.2999992         5.24203876E-18
   16.3500004         6.48129966E-18
   16.3999996         7.88722670E-18
   16.4500008         9.43443495E-18
   16.5000000         1.10698918E-17
   16.5499992         1.27011399E-17
   16.6000004         1.41809545E-17
   16.6499996         1.52876378E-17
   16.7000008         1.57000336E-17
   16.7500000         1.49662781E-17
   16.7999992         1.24651362E-17
   16.8500004         7.35883199E-18
   16.8999996        -1.46382824E-18
   16.9500008        -1.54550773E-17
   17.0000000        -3.64874563E-17
   17.0499992        -6.69452159E-17
   17.1000004        -1.09827867E-16
   17.1499996        -1.68864819E-16
   17.2000008        -2.48639137E-16
   17.2500000        -3.54716249E-16
   17.2999992        -4.93771451E-16
   17.3500004        -6.73706607E-16
   17.3999996        -9.03742438E-16
   17.4500008        -1.19446733E-15
   17.5000000        -1.55781546E-15
   17.5499992        -2.00694208E-15
   17.6000004        -2.55594521E-15
   17.6499996        -3.21938038E-15
   17.7000008        -4.01148366E-15
   17.7500000        -4.94501307E-15
   17.7999992        -6.02958032E-15
   17.8500004        -7.26932230E-15
   17.8999996        -8.65972011E-15
   17.9500008        -1.01833359E-14
   18.0000000        -1.18041817E-14
   18.0499992        -1.34603767E-14
   18.1000004        -1.50546774E-14
   18.1499996        -1.64423901E-14
   18.2000008        -1.74160765E-14
   18.2500000        -1.76863580E-14
   18.2999992        -1.68579970E-14
   18.3500004        -1.44003224E-14
   18.3999996        -9.61088559E-15
   18.4500008        -1.57106157E-15
   18.5000000         1.09078311E-14
   18.5499992         2.93495832E-14
   18.6000004         5.56911932E-14
   18.6499996         9.23761325E-14
   18.7000008         1.42465141E-13
   18.7500000         2.09767221E-13
   18.7999992         2.98993713E-13
   18.8500004         4.15938632E-13
   18.8999996         5.67688854E-13
   18.9500008         7.62867742E-13
   19.0000000         1.01191625E-12
   19.0499992         1.32741593E-12
   19.1000004         1.72445836E-12
   19.1499996         2.22106491E-12
   19.2000008         2.83866246E-12
   19.2500000         3.60261972E-12
   19.2999992         4.54284874E-12
   19.3500004         5.69447484E-12
   19.3999996         7.09858214E-12
   19.4500008         8.80303642E-12
   19.5000000         1.08633866E-11
   19.5499992         1.33438538E-11
   19.6000004         1.63184015E-11
   19.6499996         1.98718941E-11
   19.7000008         2.41013303E-11
   19.7500000         2.91171739E-11
   19.7999992         3.50447345E-11
   19.8500004         4.20256538E-11
   19.8999996         5.02193911E-11
   19.9500008         5.98048278E-11
   20.0000000         7.09818315E-11
   20.0499992         8.39728703E-11
   20.1000004         9.90245802E-11
   20.1499996         1.16409341E-10
   20.2000008         1.36426703E-10
   20.2500000         1.59404753E-10
   20.2999992         1.85701357E-10
   20.3500004         2.15705079E-10
   20.3999996         2.49836013E-10
   20.4500008         2.88546242E-10
   20.5000000         3.32319838E-10
   20.5499992         3.81672693E-10
   20.6000004         4.37151620E-10
   20.6499996         4.99333019E-10
   20.7000008         5.68821046E-10
   20.7500000         6.46244780E-10
   20.7999992         7.32255145E-10
   20.8500004         8.27520552E-10
   20.8999996         9.32722011E-10
   20.9500008         1.04854703E-09
   21.0000000         1.17568311E-09
   21.0499992         1.31480993E-09
   21.1000004         1.46659018E-09
   21.1499996         1.63166003E-09
   21.2000008         1.81061854E-09
   21.2500000         2.00401562E-09
   21.2999992         2.21233964E-09
   21.3500004         2.43600429E-09
   21.3999996         2.67533373E-09
   21.4500008         2.93054825E-09
   21.5000000         3.20174909E-09
   21.5499992         3.48890294E-09
   21.6000004         3.79182641E-09
   21.6499996         4.11016998E-09
   21.7000008         4.44340342E-09
   21.7500000         4.79080109E-09
   21.7999992         5.15142906E-09
   21.8500004         5.52413137E-09
   21.8999996         5.90752025E-09
   21.9500008         6.29996766E-09
   22.0000000         6.69959643E-09
   22.0499992         7.10427894E-09
   22.1000004         7.51163309E-09
   22.1499996         7.91902544E-09
   22.2000008         8.32357561E-09
   22.2500000         8.72216610E-09
   22.2999992         9.11145381E-09
   22.3500004         9.48788692E-09
   22.3999996         9.84772619E-09
   22.4500008         1.01870690E-08
   22.5000000         1.05018785E-08
   22.5499992         1.07880194E-08
   22.6000004         1.10412897E-08
   22.6499996         1.12574670E-08
   22.7000008         1.14323511E-08
   22.7500000         1.15618093E-08
   22.7999992         1.16418288E-08
   22.8500004         1.16685674E-08
   22.8999996         1.16384049E-08
   22.9500008         1.15480008E-08
   23.0000000         1.13943459E-08
   23.0499992         1.11748140E-08
   23.1000004         1.08872138E-08
   23.1499996         1.05298419E-08
   23.2000008         1.01015205E-08
   23.2500000         9.60164392E-09
   23.2999992         9.03021302E-09
   23.3500004         8.38786640E-09
   23.3999996         7.67589992E-09
   23.4500008         6.89628932E-09
   23.5000000         6.05169159E-09
   23.5499992         5.14545073E-09
   23.6000004         4.18158486E-09
   23.6499996         3.16477045E-09
   23.7000008         2.10031570E-09
   23.7500000         9.94123450E-10
   23.7999992        -1.47352366E-10
   23.8500004        -1.31716038E-09
   23.8999996        -2.50791232E-09
   23.9500008        -3.71185216E-09
   24.0000000        -4.92092989E-09
   24.0499992        -6.12688300E-09
   24.1000004        -7.32132088E-09
   24.1499996        -8.49581205E-09
   24.2000008        -9.64197788E-09
   24.2500000        -1.07515810E-08
   24.2999992        -1.18166170E-08
   24.3500004        -1.28294051E-08
   24.3999996        -1.37826719E-08
   24.4500008        -1.46696344E-08
   24.5000000        -1.54840762E-08
   24.5499992        -1.62204170E-08
   24.6000004        -1.68737735E-08
   24.6499996        -1.74400068E-08
   24.7000008        -1.79157755E-08
   24.7500000        -1.82985627E-08
   24.7999992        -1.85866913E-08
   24.8500004        -1.87793514E-08
   24.8999996        -1.88765821E-08
   24.9500008        -1.88792715E-08
   25.0000000        -1.87891338E-08
   25.0499992        -1.86086719E-08
   25.1000004        -1.83411402E-08
   25.1499996        -1.79904944E-08
   25.2000008        -1.75613266E-08
   25.2500000        -1.70588095E-08
   25.2999992        -1.64886185E-08
   25.3500004        -1.58568518E-08
   25.3999996        -1.51699648E-08
   25.4500008        -1.44346739E-08
   25.5000000        -1.36578810E-08
   25.5499992        -1.28465949E-08
   25.6000004        -1.20078418E-08
   25.6499996        -1.11485985E-08
   25.7000008        -1.02757101E-08
   25.7500000        -9.39582545E-09
   25.7999992        -8.51533422E-09
   25.8500004        -7.64030972E-09
   25.8999996        -6.77645495E-09
   25.9500008        -5.92906524E-09
   26.0000000        -5.10299136E-09
   26.0499992        -4.30260938E-09
   26.1000004        -3.53180463E-09
   26.1499996        -2.79395662E-09
   26.2000008        -2.09193485E-09
   26.2500000        -1.42810186E-09
   26.2999992        -8.04319611E-10
   26.3500004        -2.21965127E-10
   26.3999996         3.18050475E-10
   26.4500008         8.15257639E-10
   26.5000000         1.26960042E-09
   26.5499992         1.68140479E-09
   26.6000004         2.05134532E-09
   26.6499996         2.38040876E-09
   26.7000008         2.66985789E-09
   26.7500000         2.92119440E-09
   26.7999992         3.13612070E-09
   26.8500004         3.31650440E-09
   26.8999996         3.46434303E-09
   26.9500008         3.58172980E-09
   27.0000000         3.67082209E-09
   27.0499992         3.73381193E-09
   27.1000004         3.77289844E-09
   27.1499996         3.79026543E-09
   27.2000008         3.78805654E-09
   27.2500000         3.76835851E-09
   27.2999992         3.73318487E-09
   27.3500004         3.68446140E-09
   27.3999996         3.62401664E-09
   27.4500008         3.55357210E-09
   27.5000000         3.47473739E-09
   27.5499992         3.38900596E-09
   27.6000004         3.29775274E-09
   27.6499996         3.20223403E-09
   27.7000008         3.10358916E-09
   27.7500000         3.00284309E-09
   27.7999992         2.90090929E-09
   27.8500004         2.79859580E-09
   27.8999996         2.69660894E-09
   27.9500008         2.59556066E-09
   28.0000000         2.49597387E-09
   28.0499992         2.39828979E-09
   28.1000004         2.30287389E-09
   28.1499996         2.21002283E-09
   28.2000008         2.11997109E-09
   28.2500000         2.03289763E-09
   28.2999992         1.94893102E-09
   28.3500004         1.86815696E-09
   28.3999996         1.79062232E-09
   28.4500008         1.71634085E-09
   28.5000000         1.64529834E-09
   28.5499992         1.57745628E-09
   28.6000004         1.51275648E-09
   28.6499996         1.45112455E-09
   28.7000008         1.39247280E-09
   28.7500000         1.33670375E-09
   28.7999992         1.28371214E-09
   28.8500004         1.23338717E-09
   28.8999996         1.18561516E-09
   28.9500008         1.14028009E-09
   29.0000000         1.09726594E-09
   29.0499992         1.05645748E-09
   29.1000004         1.01774089E-09
   29.1499996         9.81005499E-10
   29.2000008         9.46143386E-10
   29.2500000         9.13050469E-10
   29.2999992         8.81626661E-10
   29.3500004         8.51776094E-10
   29.3999996         8.23407453E-10
   29.4500008         7.96433863E-10
   29.5000000         7.70773001E-10
   29.5499992         7.46346984E-10
   29.6000004         7.23082427E-10
   29.6499996         7.00910108E-10
   29.7000008         6.79765189E-10
   29.7500000         6.59586608E-10
   29.7999992         6.40317244E-10
   29.8500004         6.21903640E-10
   29.8999996         6.04295780E-10
   29.9500008         5.87446813E-10
   30.0000000         5.71313108E-10
   30.0499992         5.55853863E-10
   30.1000004         5.41030998E-10
   30.1499996         5.26808930E-10
   30.2000008         5.13154574E-10
   30.2500000         5.00036901E-10
   30.2999992         4.87426988E-10
   30.3500004         4.75297912E-10
   30.3999996         4.63624444E-10
   30.4500008         4.52382964E-10
   30.5000000         4.41551462E-10
   30.5499992         4.31109343E-10
   30.6000004         4.21037261E-10
   30.6499996         4.11317175E-10
   30.7000008         4.01932126E-10
   30.7500000         3.92866240E-10
   30.7999992         3.84104526E-10
   30.8500004         3.75632997E-10
   30.8999996         3.67438469E-10
   30.9500008         3.59508506E-10
   31.0000000         3.51831453E-10
   31.0499992         3.44396262E-10
   31.1000004         3.37192552E-10
   31.1499996         3.30210498E-10
   31.2000008         3.23440830E-10
   31.2500000         3.16874749E-10
   31.2999992         3.10503984E-10
   31.3500004         3.04320680E-10
   31.3999996         2.98317371E-10
   31.4500008         2.92486951E-10
   31.5000000         2.86822760E-10
   31.5499992         2.81318413E-10
   31.6000004         2.75967804E-10
   31.6499996         2.70765216E-10
   31.7000008         2.65705152E-10
   31.7500000         2.60782368E-10
   31.7999992         2.55991894E-10
   31.8500004         2.51328985E-10
   31.8999996         2.46789061E-10
   31.9500008         2.42367876E-10
   32.0000000         2.38061210E-10
   32.0499992         2.33865177E-10
   32.0999985         2.29775962E-10
   32.1500015         2.25789956E-10
   32.2000008         2.21903704E-10
   32.2500000         2.18113888E-10
   32.2999992         2.14417331E-10
   32.3499985         2.10811008E-10
   32.4000015         2.07291975E-10
   32.4500008         2.03857431E-10
   32.5000000         2.00504724E-10
   32.5499992         1.97231245E-10
   32.5999985         1.94034538E-10
   32.6500015         1.90912203E-10
   32.7000008         1.87861962E-10
   32.7500000         1.84881638E-10
   32.7999992         1.81969093E-10
   32.8499985         1.79122314E-10
   32.9000015         1.76339332E-10
   32.9500008         1.73618273E-10
   33.0000000         1.70957318E-10
   33.0499992         1.68354747E-10
   33.0999985         1.65808867E-10
   33.1500015         1.63318067E-10
   33.2000008         1.60880795E-10
   33.2500000         1.58495536E-10
   33.2999992         1.56160876E-10
   33.3499985         1.53875385E-10
   33.4000015         1.51637758E-10
   33.4500008         1.49446663E-10
   33.5000000         1.47300894E-10
   33.5499992         1.45199214E-10
   33.5999985         1.43140486E-10
   33.6500015         1.41123585E-10
   33.7000008         1.39147416E-10
   33.7500000         1.37210951E-10
   33.7999992         1.35313163E-10
   33.8499985         1.33453082E-10
   33.9000015         1.31629777E-10
   33.9500008         1.29842331E-10
   34.0000000         1.28089844E-10
   34.0499992         1.26371483E-10
   34.0999985         1.24686400E-10
   34.1500015         1.23033778E-10
   34.2000008         1.21412866E-10
   34.2500000         1.19822860E-10
   34.2999992         1.18263052E-10
   34.3499985         1.16732707E-10
   34.4000015         1.15231123E-10
   34.4500008         1.13757601E-10
   34.5000000         1.12311473E-10
   34.5499992         1.10892080E-10
   34.5999985         1.09498778E-10
   34.6500015         1.08130935E-10
   34.7000008         1.06787926E-10
   34.7500000         1.05469147E-10
   34.7999992         1.04174003E-10
   34.8499985         1.02901902E-10
   34.9000015         1.01652270E-10
   34.9500008         1.00424544E-10
   35.0000000         9.92181684E-11
   35.0499992         9.80325890E-11
   35.0999985         9.68672781E-11
   35.1500015         9.57217153E-11
   35.2000008         9.45953871E-11
   35.2500000         9.34877939E-11
   35.2999992         9.23984361E-11
   35.3499985         9.13268558E-11
   35.4000015         9.02725811E-11
   35.4500008         8.92351679E-11
   35.5000000         8.82141860E-11
   35.5499992         8.72092051E-11
   35.5999985         8.62198368E-11
   35.6500015         8.52456924E-11
   35.7000008         8.42864042E-11
   35.7500000         8.33416183E-11
   35.7999992         8.24110016E-11
   35.8499985         8.14942350E-11
   35.9000015         8.05910338E-11
   35.9500008         7.97011068E-11
   36.0000000         7.88241902E-11
   36.0499992         7.79600481E-11
   36.0999985         7.71084446E-11
   36.1500015         7.62691715E-11
   36.2000008         7.54420276E-11
   36.2500000         7.46268394E-11
   36.2999992         7.38234196E-11
   36.3499985         7.30316224E-11
   36.4000015         7.22513022E-11
   36.4500008         7.14823131E-11
   36.5000000         7.07245304E-11
   36.5499992         6.99778360E-11
   36.5999985         6.92420982E-11
   36.6500015         6.85172127E-11
   36.7000008         6.78030687E-11
   36.7500000         6.70995481E-11
   36.7999992         6.64065469E-11
   36.8499985         6.57239471E-11
   36.9000015         6.50516307E-11
   36.9500008         6.43894868E-11
   37.0000000         6.37373834E-11
   37.0499992         6.30951957E-11
   37.0999985         6.24627849E-11
   37.1500015         6.18400192E-11
   37.2000008         6.12267390E-11
   37.2500000         6.06228054E-11
   37.2999992         6.00280520E-11
   37.3499985         5.94423122E-11
   37.4000015         5.88654195E-11
   37.4500008         5.82971935E-11
   37.5000000         5.77374641E-11
   37.5499992         5.71860441E-11
   37.5999985         5.66427495E-11
   37.6500015         5.61073896E-11
   37.7000008         5.55797838E-11
   37.7500000         5.50597380E-11
   37.7999992         5.45470717E-11
   37.8499985         5.40415941E-11
   37.9000015         5.35431248E-11
   37.9500008         5.30514903E-11
   38.0000000         5.25665136E-11
   38.0499992         5.20880214E-11
   38.0999985         5.16158574E-11
   38.1500015         5.11498587E-11
   38.2000008         5.06898794E-11
   38.2500000         5.02357704E-11
   38.2999992         4.97873930E-11
   38.3499985         4.93446221E-11
   38.4000015         4.89073296E-11
   38.4500008         4.84753973E-11
   38.5000000         4.80487213E-11
   38.5499992         4.76271939E-11
   38.5999985         4.72107145E-11
   38.6500015         4.67991965E-11
   38.7000008         4.63925530E-11
   38.7500000         4.59907043E-11
   38.7999992         4.55935706E-11
   38.8499985         4.52010790E-11
   38.9000015         4.48131671E-11
   38.9500008         4.44297654E-11
   39.0000000         4.40508116E-11
   39.0499992         4.36762501E-11
   39.0999985         4.33060185E-11
   39.1500015         4.29400682E-11
   39.2000008         4.25783402E-11
   39.2500000         4.22207859E-11
   39.2999992         4.18673499E-11
   39.3499985         4.15179870E-11
   39.4000015         4.11726417E-11
   39.4500008         4.08312724E-11
   39.5000000         4.04938201E-11
   39.5499992         4.01602432E-11
   39.5999985         3.98304931E-11
   39.6500015         3.95045212E-11
   39.7000008         3.91822755E-11
   39.7500000         3.88637143E-11
   39.7999992         3.85487857E-11
   39.8499985         3.82374410E-11
   39.9000015         3.79296386E-11
   39.9500008         3.76253265E-11
   40.0000000         3.73244560E-11
   40.0499992         3.70269891E-11
   40.0999985         3.67328702E-11
   40.1500015         3.64420577E-11
   40.2000008         3.61545065E-11
   40.2500000         3.58701679E-11
   40.2999992         3.55890005E-11
   40.3499985         3.53109555E-11
   40.4000015         3.50359949E-11
   40.4500008         3.47640736E-11
   40.5000000         3.44951463E-11
   40.5499992         3.42291750E-11
   40.5999985         3.39661112E-11
   40.6500015         3.37059235E-11
   40.7000008         3.34485634E-11
   40.7500000         3.31939927E-11
   40.7999992         3.29421733E-11
   40.8499985         3.26930705E-11
   40.9000015         3.24466391E-11
   40.9500008         3.22028480E-11
   41.0000000         3.19616555E-11
   41.0499992         3.17230305E-11
   41.0999985         3.14869346E-11
   41.1500015         3.12533367E-11
   41.2000008         3.10221987E-11
   41.2500000         3.07934893E-11
   41.2999992         3.05671738E-11
   41.3499985         3.03432245E-11
   41.4000015         3.01216066E-11
   41.4500008         2.99022890E-11
   41.5000000         2.96852404E-11
   41.5499992         2.94704330E-11
   41.5999985         2.92578357E-11
   41.6500015         2.90474207E-11
   41.7000008         2.88391568E-11
   41.7500000         2.86330161E-11
   41.7999992         2.84289675E-11
   41.8499985         2.82269833E-11
   41.9000015         2.80270321E-11
   41.9500008         2.78290845E-11
   42.0000000         2.76331093E-11
   42.0499992         2.74390718E-11
   42.0999985         2.72469391E-11
   42.1500015         2.70566729E-11
   42.2000008         2.68682351E-11
   42.2500000         2.66815823E-11
   42.2999992         2.64966677E-11
   42.3499985         2.63134393E-11
   42.4000015         2.61318397E-11
   42.4500008         2.59518067E-11
   42.5000000         2.57732689E-11
   42.5499992         2.55961433E-11
   42.5999985         2.54203412E-11
   42.6500015         2.52457603E-11
   42.7000008         2.50722863E-11
   42.7500000         2.48997854E-11
   42.7999992         2.47281119E-11
   42.8499985         2.45570994E-11
   42.9000015         2.43865622E-11
   42.9500008         2.42162887E-11
   43.0000000         2.40460429E-11
   43.0499992         2.38755613E-11
   43.0999985         2.37045505E-11
   43.1500015         2.35326862E-11
   43.2000008         2.33596042E-11
   43.2500000         2.31849071E-11
   43.2999992         2.30081544E-11
   43.3499985         2.28288655E-11
   43.4000015         2.26465166E-11
   43.4500008         2.24605352E-11
   43.5000000         2.22703019E-11
   43.5499992         2.20751507E-11
   43.5999985         2.18743617E-11
   43.6500015         2.16671698E-11
   43.7000008         2.14527597E-11
   43.7500000         2.12302675E-11
   43.7999992         2.09987808E-11
   43.8499985         2.07573455E-11
   43.9000015         2.05049693E-11
   43.9500008         2.02406199E-11
   44.0000000         1.99632377E-11
   44.0499992         1.96717417E-11
   44.0999985         1.93650304E-11
   44.1500015         1.90420041E-11
   44.2000008         1.87015594E-11
   44.2500000         1.83426139E-11
   44.2999992         1.79641146E-11
   44.3499985         1.75650501E-11
   44.4000015         1.71444699E-11
   44.4500008         1.67014996E-11
   44.5000000         1.62353533E-11
   44.5499992         1.57453651E-11
   44.5999985         1.52309918E-11
   44.6500015         1.46918484E-11
   44.7000008         1.41277146E-11
   44.7500000         1.35385670E-11
   44.7999992         1.29245920E-11
   44.8499985         1.22862068E-11
   44.9000015         1.16240810E-11
   44.9500008         1.09391498E-11
   45.0000000         1.02326368E-11
   45.0499992         9.50606174E-12
   45.0999985         8.76125821E-12
   45.1500015         8.00038161E-12
   45.2000008         7.22591561E-12
   45.2500000         6.44067482E-12
   45.2999992         5.64780818E-12
   45.3499985         4.85079164E-12
   45.4000015         4.05342123E-12
   45.4500008         3.25979998E-12
   45.5000000         2.47432131E-12
   45.5499992         1.70164544E-12
   45.5999985         9.46673512E-13
   45.6500015         2.14514658E-13
   45.7000008        -4.89550132E-13
   45.7500000        -1.16010988E-12
   45.7999992        -1.79166946E-12
   45.8499985        -2.37869923E-12
   45.9000015        -2.91568961E-12
   45.9500008        -3.39720699E-12
   46.0000000        -3.81795333E-12
   46.0499992        -4.17282875E-12
   46.0999985        -4.45699337E-12
   46.1500015        -4.66592954E-12
   46.2000008        -4.79550774E-12
   46.2500000        -4.84204517E-12
   46.2999992        -4.80236554E-12
   46.3499985        -4.67385766E-12
   46.4000015        -4.45452486E-12
   46.4500008        -4.14303444E-12
   46.5000000        -3.73875800E-12
   46.5499992        -3.24180635E-12
   46.5999985        -2.65305724E-12
   46.6500015        -1.97417430E-12
   46.7000008        -1.20761745E-12
   46.7500000        -3.56644645E-13
   46.7999992         5.74697354E-13
   46.8499985         1.58159054E-12
   46.9000015         2.65847370E-12
   46.9500008         3.79908041E-12
   47.0000000         4.99648673E-12
   47.0499992         6.24316744E-12
   47.0999985         7.53106171E-12
   47.1500015         8.85164511E-12
   47.2000008         1.01960116E-11
   47.2500000         1.15549601E-11
   47.2999992         1.29190851E-11
   47.3499985         1.42788706E-11
   47.4000015         1.56247914E-11
   47.4500008         1.69474105E-11
   47.5000000         1.82374775E-11
   47.5499992         1.94860291E-11
   47.5999985         2.06844784E-11
   47.6500015         2.18247122E-11
   47.7000008         2.28991669E-11
   47.7500000         2.39009142E-11
   47.7999992         2.48237299E-11
   47.8499985         2.56621512E-11
   47.9000015         2.64115257E-11
   47.9500008         2.70680596E-11
