  -11.9750004         0.00000000    
  -11.9250002         0.00000000    
  -11.8750000         0.00000000    
  -11.8249998         0.00000000    
  -11.7749996         0.00000000    
  -11.7250004         0.00000000    
  -11.6750002         0.00000000    
  -11.6250000         0.00000000    
  -11.5749998         0.00000000    
  -11.5249996         0.00000000    
  -11.4750004         0.00000000    
  -11.4250002         0.00000000    
  -11.3750000         0.00000000    
  -11.3249998         0.00000000    
  -11.2749996         0.00000000    
  -11.2250004         0.00000000    
  -11.1750002         0.00000000    
  -11.1250000         0.00000000    
  -11.0749998         0.00000000    
  -11.0249996         0.00000000    
  -10.9750004         0.00000000    
  -10.9250002         0.00000000    
  -10.8750000         0.00000000    
  -10.8249998         0.00000000    
  -10.7749996         0.00000000    
  -10.7250004         0.00000000    
  -10.6750002         0.00000000    
  -10.6250000         0.00000000    
  -10.5749998         0.00000000    
  -10.5249996         0.00000000    
  -10.4750004        -0.00000000    
  -10.4250002         0.00000000    
  -10.3750000        -0.00000000    
  -10.3249998         0.00000000    
  -10.2749996        -0.00000000    
  -10.2250004         0.00000000    
  -10.1750002         0.00000000    
  -10.1250000        -0.00000000    
  -10.0749998        -0.00000000    
  -10.0249996        -0.00000000    
  -9.97500038         0.00000000    
  -9.92500019         0.00000000    
  -9.87500000        -0.00000000    
  -9.82499981        -0.00000000    
  -9.77499962        -0.00000000    
  -9.72500038         0.00000000    
  -9.67500019         0.00000000    
  -9.62500000         0.00000000    
  -9.57499981         0.00000000    
  -9.52499962        -0.00000000    
  -9.47500038        -0.00000000    
  -9.42500019        -0.00000000    
  -9.37500000        -0.00000000    
  -9.32499981         0.00000000    
  -9.27499962         0.00000000    
  -9.22500038         0.00000000    
  -9.17500019         0.00000000    
  -9.12500000        -0.00000000    
  -9.07499981        -0.00000000    
  -9.02499962        -0.00000000    
  -8.97500038        -0.00000000    
  -8.92500019         0.00000000    
  -8.87500000         0.00000000    
  -8.82499981         0.00000000    
  -8.77499962         0.00000000    
  -8.72500038         0.00000000    
  -8.67500019        -0.00000000    
  -8.62500000        -0.00000000    
  -8.57499981        -0.00000000    
  -8.52499962        -0.00000000    
  -8.47500038        -0.00000000    
  -8.42500019         0.00000000    
  -8.37500000         0.00000000    
  -8.32499981         0.00000000    
  -8.27499962         0.00000000    
  -8.22500038         0.00000000    
  -8.17500019        -0.00000000    
  -8.12500000        -0.00000000    
  -8.07499981        -0.00000000    
  -8.02499962        -0.00000000    
  -7.97499990        -0.00000000    
  -7.92500019        -0.00000000    
  -7.87500000         0.00000000    
  -7.82499981         0.00000000    
  -7.77500010         0.00000000    
  -7.72499990         0.00000000    
  -7.67500019         0.00000000    
  -7.62500000         0.00000000    
  -7.57499981        -0.00000000    
  -7.52500010        -0.00000000    
  -7.47499990        -0.00000000    
  -7.42500019        -0.00000000    
  -7.37500000        -0.00000000    
  -7.32499981        -0.00000000    
  -7.27500010         0.00000000    
  -7.22499990         0.00000000    
  -7.17500019         0.00000000    
  -7.12500000         0.00000000    
  -7.07499981         0.00000000    
  -7.02500010         0.00000000    
  -6.97499990        -0.00000000    
  -6.92500019        -0.00000000    
  -6.87500000        -0.00000000    
  -6.82499981        -0.00000000    
  -6.77500010        -0.00000000    
  -6.72499990        -0.00000000    
  -6.67500019        -0.00000000    
  -6.62500000         0.00000000    
  -6.57499981         0.00000000    
  -6.52500010         0.00000000    
  -6.47499990         0.00000000    
  -6.42500019         0.00000000    
  -6.37500000         0.00000000    
  -6.32499981         0.00000000    
  -6.27500010        -0.00000000    
  -6.22499990        -0.00000000    
  -6.17500019        -0.00000000    
  -6.12500000        -0.00000000    
  -6.07499981        -0.00000000    
  -6.02500010        -0.00000000    
  -5.97499990        -0.00000000    
  -5.92500019         0.00000000    
  -5.87500000         0.00000000    
  -5.82499981         0.00000000    
  -5.77500010         0.00000000    
  -5.72499990         0.00000000    
  -5.67500019         0.00000000    
  -5.62500000         0.00000000    
  -5.57499981        -0.00000000    
  -5.52500010        -0.00000000    
  -5.47499990        -0.00000000    
  -5.42500019        -0.00000000    
  -5.37500000        -0.00000000    
  -5.32499981        -0.00000000    
  -5.27500010        -0.00000000    
  -5.22499990         0.00000000    
  -5.17500019         0.00000000    
  -5.12500000         0.00000000    
  -5.07499981         0.00000000    
  -5.02500010         0.00000000    
  -4.97499990         0.00000000    
  -4.92500019         0.00000000    
  -4.87500000         0.00000000    
  -4.82499981        -0.00000000    
  -4.77500010        -0.00000000    
  -4.72499990        -0.00000000    
  -4.67500019        -0.00000000    
  -4.62500000        -0.00000000    
  -4.57499981        -0.00000000    
  -4.52500010        -0.00000000    
  -4.47499990        -0.00000000    
  -4.42500019         0.00000000    
  -4.37500000         0.00000000    
  -4.32499981         0.00000000    
  -4.27500010         0.00000000    
  -4.22499990         0.00000000    
  -4.17500019         0.00000000    
  -4.12500000         0.00000000    
  -4.07499981         0.00000000    
  -4.02500010        -0.00000000    
  -3.97499990        -0.00000000    
  -3.92499995        -0.00000000    
  -3.87500000        -0.00000000    
  -3.82500005        -0.00000000    
  -3.77500010        -0.00000000    
  -3.72499990        -0.00000000    
  -3.67499995        -0.00000000    
  -3.62500000         0.00000000    
  -3.57500005         0.00000000    
  -3.52500010         0.00000000    
  -3.47499990         0.00000000    
  -3.42499995         0.00000000    
  -3.37500000         0.00000000    
  -3.32500005         0.00000000    
  -3.27500010         0.00000000    
  -3.22499990        -0.00000000    
  -3.17499995        -0.00000000    
  -3.12500000        -0.00000000    
  -3.07500005        -0.00000000    
  -3.02500010        -0.00000000    
  -2.97499990        -0.00000000    
  -2.92499995        -0.00000000    
  -2.87500000        -0.00000000    
  -2.82500005        -0.00000000    
  -2.77500010         0.00000000    
  -2.72499990         0.00000000    
  -2.67499995         0.00000000    
  -2.62500000         0.00000000    
  -2.57500005         0.00000000    
  -2.52500010         0.00000000    
  -2.47499990         0.00000000    
  -2.42499995         0.00000000    
  -2.37500000         0.00000000    
  -2.32500005        -0.00000000    
  -2.27500010        -0.00000000    
  -2.22499990        -0.00000000    
  -2.17499995        -0.00000000    
  -2.12500000        -0.00000000    
  -2.07500005        -0.00000000    
  -2.02500010        -0.00000000    
  -1.97500002        -0.00000000    
  -1.92499995        -0.00000000    
  -1.87500000         0.00000000    
  -1.82500005         0.00000000    
  -1.77499998         0.00000000    
  -1.72500002         0.00000000    
  -1.67499995         0.00000000    
  -1.62500000         0.00000000    
  -1.57500005         0.00000000    
  -1.52499998         0.00000000    
  -1.47500002         0.00000000    
  -1.42499995        -0.00000000    
  -1.37500000        -0.00000000    
  -1.32500005        -0.00000000    
  -1.27499998        -0.00000000    
  -1.22500002        -0.00000000    
  -1.17499995        -0.00000000    
  -1.12500000        -0.00000000    
  -1.07500005        -0.00000000    
  -1.02499998        -0.00000000    
 -0.975000024        -0.00000000    
 -0.925000012         0.00000000    
 -0.875000000         0.00000000    
 -0.824999988         0.00000000    
 -0.774999976         0.00000000    
 -0.725000024         0.00000000    
 -0.675000012         0.00000000    
 -0.625000000         0.00000000    
 -0.574999988         0.00000000    
 -0.524999976         0.00000000    
 -0.474999994         0.00000000    
 -0.425000012        -0.00000000    
 -0.375000000        -0.00000000    
 -0.324999988        -0.00000000    
 -0.275000006        -0.00000000    
 -0.224999994        -0.00000000    
 -0.174999997        -0.00000000    
 -0.125000000        -0.00000000    
  -7.50000030E-02    -0.00000000    
  -2.50000004E-02    -0.00000000    
   2.50000004E-02    -0.00000000    
   7.50000030E-02     0.00000000    
  0.125000000         0.00000000    
  0.174999997         0.00000000    
  0.224999994         0.00000000    
  0.275000006         0.00000000    
  0.324999988         0.00000000    
  0.375000000         0.00000000    
  0.425000012         0.00000000    
  0.474999994         0.00000000    
  0.524999976         0.00000000    
  0.574999988        -0.00000000    
  0.625000000        -0.00000000    
  0.675000012        -0.00000000    
  0.725000024        -0.00000000    
  0.774999976        -0.00000000    
  0.824999988        -0.00000000    
  0.875000000        -0.00000000    
  0.925000012        -0.00000000    
  0.975000024        -0.00000000    
   1.02499998        -0.00000000    
   1.07500005         0.00000000    
   1.12500000         0.00000000    
   1.17499995         0.00000000    
   1.22500002         0.00000000    
   1.27499998         0.00000000    
   1.32500005         0.00000000    
   1.37500000         0.00000000    
   1.42499995         0.00000000    
   1.47500002         0.00000000    
   1.52499998         0.00000000    
   1.57500005         0.00000000    
   1.62500000        -0.00000000    
   1.67499995        -0.00000000    
   1.72500002        -0.00000000    
   1.77499998        -0.00000000    
   1.82500005        -0.00000000    
   1.87500000        -0.00000000    
   1.92499995        -0.00000000    
   1.97500002        -0.00000000    
   2.02500010        -0.00000000    
   2.07500005        -0.00000000    
   2.12500000        -0.00000000    
   2.17499995         0.00000000    
   2.22499990         0.00000000    
   2.27500010         0.00000000    
   2.32500005         0.00000000    
   2.37500000         0.00000000    
   2.42499995         0.00000000    
   2.47499990         0.00000000    
   2.52500010         0.00000000    
   2.57500005         0.00000000    
   2.62500000         0.00000000    
   2.67499995         0.00000000    
   2.72499990        -0.00000000    
   2.77500010        -0.00000000    
   2.82500005        -0.00000000    
   2.87500000        -0.00000000    
   2.92499995        -0.00000000    
   2.97499990        -0.00000000    
   3.02500010        -0.00000000    
   3.07500005        -0.00000000    
   3.12500000        -0.00000000    
   3.17499995        -0.00000000    
   3.22499990        -0.00000000    
   3.27500010        -0.00000000    
   3.32500005         0.00000000    
   3.37500000         0.00000000    
   3.42499995         1.40129846E-45
   3.47499990         1.40129846E-45
   3.52500010         2.80259693E-45
   3.57500005         4.20389539E-45
   3.62500000         4.20389539E-45
   3.67499995         5.60519386E-45
   3.72499990         7.00649232E-45
   3.77500010         7.00649232E-45
   3.82500005         4.20389539E-45
   3.87500000         0.00000000    
   3.92499995        -8.40779079E-45
   3.97499990        -2.24207754E-44
   4.02500010        -4.48415509E-44
   4.07499981        -7.42688186E-44
   4.12500000        -1.14906474E-43
   4.17500019        -1.62550622E-43
   4.22499990        -2.15799964E-43
   4.27500010        -2.66246708E-43
   4.32499981        -3.01279170E-43
   4.37500000        -2.99877871E-43
   4.42500019        -2.31214247E-43
   4.47499990        -5.60519386E-44
   4.52500010         2.78858394E-43
   4.57499981         8.33772586E-43
   4.62500000         1.67315037E-42
   4.67500019         2.85304367E-42
   4.72499990         4.40568237E-42
   4.77500010         6.31425088E-42
   4.82499981         8.47505311E-42
   4.87500000         1.06526709E-41
   4.92500019         1.24197083E-41
   4.97499990         1.30965354E-41
   5.02500010         1.16826253E-41
   5.07499981         6.80750794E-42
   5.12500000        -3.29024879E-42
   5.17500019        -2.07350134E-41
   5.22499990        -4.78697568E-41
   5.27500010        -8.70024178E-41
   5.32499981        -1.39929461E-40
   5.37500000        -2.07231023E-40
   5.42500019        -2.87256376E-40
   5.47499990        -3.74750650E-40
   5.52500010        -4.59157863E-40
   5.57499981        -5.22593243E-40
   5.62500000        -5.37657201E-40
   5.67500019        -4.65330582E-40
   5.72499990        -2.53367374E-40
   5.77500010         1.64199950E-40
   5.82499981         8.65573654E-40
   5.87500000         1.93660849E-39
   5.92500019         3.46175231E-39
   5.97499990         5.50891905E-39
   6.02500010         8.10659429E-39
   6.07499981         1.12115466E-38
   6.12500000         1.46659197E-38
   6.17500019         1.81432348E-38
   6.22499990         2.10841875E-38
   6.27500010         2.26251954E-38
   6.32499981         2.15254256E-38
   6.37500000         1.61018638E-38
   6.42500019         4.18657534E-39
   6.47499990        -1.68742287E-38
   6.52500010        -5.01537108E-38
   6.57499981        -9.89789009E-38
   6.62500000        -1.66629006E-37
   6.67500019        -2.55856585E-37
   6.72499990        -3.68189131E-37
   6.77500010        -5.02971174E-37
   6.82499981        -6.56114308E-37
   6.87500000        -8.18535696E-37
   6.92500019        -9.74283855E-37
   6.97499990        -1.09837531E-36
   7.02500010        -1.15438887E-36
   7.07499981        -1.09188701E-36
   7.12500000        -8.43745347E-37
   7.17500019        -3.23458025E-37
   7.22499990         5.77555857E-37
   7.27500010         1.99271224E-36
   7.32499981         4.08329996E-36
   7.37500000         7.04220342E-36
   7.42500019         1.10989425E-35
   7.47499990         1.65268508E-35
   7.52500010         2.36532379E-35
   7.57499981         3.28730525E-35
   7.62500000         4.46655051E-35
   7.67500019         5.96108109E-35
   7.72499990         7.83999688E-35
   7.77500010         1.01823089E-34
   7.82499981         1.30710208E-34
   7.87500000         1.65780278E-34
   7.92500019         2.07328252E-34
   7.97499990         2.54642795E-34
   8.02499962         3.04997713E-34
   8.07499981         3.51995424E-34
   8.12500000         3.82960884E-34
   8.17500019         3.74991468E-34
   8.22500038         2.89169314E-34
   8.27499962         6.23516527E-35
   8.32499981        -4.04101576E-34
   8.37500000        -1.25928148E-33
   8.42500019        -2.72181584E-33
   8.47500038        -5.10311926E-33
   8.52499962        -8.83402592E-33
   8.57499981        -1.44925979E-32
   8.62500000        -2.28286116E-32
   8.67500019        -3.47766301E-32
   8.72500038        -5.14443406E-32
   8.77499962        -7.40552155E-32
   8.82499981        -1.03814089E-31
   8.87500000        -1.41650161E-31
   8.92500019        -1.87773456E-31
   8.97500038        -2.40957887E-31
   9.02499962        -2.97436064E-31
   9.07499981        -3.49259802E-31
   9.12500000        -3.81946985E-31
   9.17500019        -3.71205976E-31
   9.22500038        -2.78510159E-31
   9.27499962        -4.53009809E-32
   9.32499981         4.14350521E-31
   9.37500000         1.22266835E-30
   9.42500019         2.54848266E-30
   9.47500038         4.61830478E-30
   9.52499962         7.72686329E-30
   9.57499981         1.22447474E-29
   9.62500000         1.86192693E-29
   9.67500019         2.73624390E-29
   9.72500038         3.90168791E-29
   9.77499962         5.40864383E-29
   9.82499981         7.29127887E-29
   9.87500000         9.54725483E-29
   9.92500019         1.21061128E-28
   9.97500038         1.47819806E-28
   10.0249996         1.72051688E-28
   10.0749998         1.87261972E-28
   10.1250000         1.82848535E-28
   10.1750002         1.42365151E-28
   10.2250004         4.12845292E-29
   10.2749996        -1.55790050E-28
   10.3249998        -4.98468370E-28
   10.3750000        -1.05438829E-27
   10.4250002        -1.91327100E-27
   10.4750004        -3.19075478E-27
   10.5249996        -5.03119731E-27
   10.5749998        -7.60813048E-27
   10.6250000        -1.11203426E-26
   10.6750002        -1.57805923E-26
   10.7250004        -2.17926477E-26
   10.7749996        -2.93107063E-26
   10.8249998        -3.83730972E-26
   10.8750000        -4.87996351E-26
   10.9250002        -6.00390079E-26
   10.9750004        -7.09492808E-26
   11.0249996        -7.94912639E-26
   11.0749998        -8.23114293E-26
   11.1250000        -7.41894654E-26
   11.1750002        -4.73258026E-26
   11.2250004         9.55072819E-27
   11.2749996         1.12263855E-25
   11.3249998         2.82446889E-25
   11.3750000         5.48927037E-25
   11.4250002         9.49130817E-25
   11.4750004         1.53031798E-24
   11.5249996         2.35032469E-24
   11.5749998         3.47731938E-24
   11.6250000         4.98783024E-24
   11.6750002         6.96197911E-24
   11.7250004         9.47442221E-24
   11.7749996         1.25789788E-23
   11.8249998         1.62842269E-23
   11.8750000         2.05165950E-23
   11.9250002         2.50665160E-23
   11.9750004         2.95122552E-23
   12.0249996         3.31149924E-23
   12.0749998         3.46779152E-23
   12.1250000         3.23614441E-23
   12.1750002         2.34470129E-23
   12.2250004         4.04289242E-24
   12.2749996        -3.12711941E-23
   12.3249998        -8.98582559E-23
   12.3750000        -1.81484709E-22
   12.4250002        -3.18799997E-22
   12.4750004        -5.17784569E-22
   12.5249996        -7.98082121E-22
   12.5749998        -1.18308598E-21
   12.6250000        -1.69958494E-21
   12.6750002        -2.37669043E-21
   12.7250004        -3.24365326E-21
   12.7749996        -4.32604394E-21
   12.8249998        -5.63958534E-21
   12.8750000        -7.18072986E-21
   12.9250002        -8.91281132E-21
   12.9750004        -1.07463395E-20
   13.0249996        -1.25116924E-20
   13.0749998        -1.39221961E-20
   13.1250000        -1.45252948E-20
   13.1750002        -1.36394231E-20
   13.2250004        -1.02741794E-20
   13.2749996        -3.03182293E-21
   13.3249998         1.00110503E-20
   13.3750000         3.14411932E-20
   13.4250002         6.46626149E-20
   13.4750004         1.14059508E-19
   13.5249996         1.85154712E-19
   13.5749998         2.84741804E-19
   13.6250000         4.20956350E-19
   13.6750002         6.03235420E-19
   13.7250004         8.42093231E-19
   13.7749996         1.14861038E-18
   13.8249998         1.53350104E-18
   13.8750000         2.00557322E-18
   13.9250002         2.56934644E-18
   13.9750004         3.22152169E-18
   14.0249996         3.94592573E-18
   14.0749998         4.70646619E-18
   14.1250000         5.43754827E-18
   14.1750002         6.03130472E-18
   14.2250004         6.32093126E-18
   14.2749996         6.05935193E-18
   14.3249998         4.89244535E-18
   14.3750000         2.32613900E-18
   14.4250002        -2.31311980E-18
   14.4750004        -9.92463045E-18
   14.5249996        -2.16859079E-17
   14.5749998        -3.91098405E-17
   14.6250000        -6.41035196E-17
   14.6750002        -9.90236440E-17
   14.7250004        -1.46720480E-16
   14.7749996        -2.10558296E-16
   14.8249998        -2.94395036E-16
   14.8750000        -4.02496901E-16
   14.9250002        -5.39355005E-16
   14.9750004        -7.09359653E-16
   15.0249996        -9.16274608E-16
   15.0749998        -1.16243678E-15
   15.1250000        -1.44758608E-15
   15.1750002        -1.76721015E-15
   15.2250004        -2.11025744E-15
   15.2749996        -2.45604932E-15
   15.3249998        -2.77018780E-15
   15.3750000        -2.99922762E-15
   15.4250002        -3.06385645E-15
   15.4750004        -2.85030547E-15
   15.5249996        -2.19971322E-15
   15.5749998        -8.95180947E-16
   15.6250000         1.35369343E-15
   15.6750002         4.92890378E-15
   15.7250004         1.03246904E-14
   15.7749996         1.81704271E-14
   15.8249998         2.92550204E-14
   15.8750000         4.45515546E-14
   15.9250002         6.52401039E-14
   15.9750004         9.27256386E-14
   16.0249996         1.28646537E-13
   16.0750008         1.74867336E-13
   16.1250000         2.33447213E-13
   16.1749992         3.06572367E-13
   16.2250004         3.96437413E-13
   16.2749996         5.05055253E-13
   16.3250008         6.33971012E-13
   16.3750000         7.83847000E-13
   16.4249992         9.53879553E-13
   16.4750004         1.14099854E-12
   16.5249996         1.33879030E-12
   16.5750008         1.53607314E-12
   16.6250000         1.71504163E-12
   16.6749992         1.84888346E-12
   16.7250004         1.89875871E-12
   16.7749996         1.81001839E-12
   16.8250008         1.50753086E-12
   16.8750000         8.89975539E-13
   16.9249992        -1.77035077E-13
   16.9750004        -1.86913375E-12
   17.0249996        -4.41278481E-12
   17.0750008        -8.09634044E-12
   17.1250000        -1.32825582E-11
   17.1749992        -2.04224745E-11
   17.2250004        -3.00703629E-11
   17.2749996        -4.28993056E-11
   17.3250008        -5.97166136E-11
   17.3750000        -8.14779286E-11
   17.4249992        -1.09298424E-10
   17.4750004        -1.44458612E-10
   17.5249996        -1.88401864E-10
   17.5750008        -2.42719123E-10
   17.6250000        -3.09115483E-10
   17.6749992        -3.89351162E-10
   17.7250004        -4.85147977E-10
   17.7749996        -5.98048833E-10
   17.8250008        -7.29216187E-10
   17.8750000        -8.79150308E-10
   17.9249992        -1.04730469E-09
   17.9750004        -1.23157040E-09
   18.0249996        -1.42759515E-09
   18.0750008        -1.62789504E-09
   18.1250000        -1.82070936E-09
   18.1749992        -1.98853911E-09
   18.2250004        -2.10629669E-09
   18.2749996        -2.13898432E-09
   18.3250008        -2.03880246E-09
   18.3750000        -1.74157189E-09
   18.4249992        -1.16233845E-09
   18.4750004        -1.90003846E-10
   18.5249996         1.31919065E-09
   18.5750008         3.54953222E-09
   18.6250000         6.73528122E-09
   18.6749992         1.11719496E-08
   18.7250004         1.72297039E-08
   18.7749996         2.53692019E-08
   18.8250008         3.61602339E-08
   18.8750000         5.03035267E-08
   18.9249992         6.86561705E-08
   18.9750004         9.22610610E-08
   19.0249996         1.22380925E-07
   19.0750008         1.60537397E-07
   19.1250000         2.08555633E-07
   19.1749992         2.68615111E-07
   19.2250004         3.43307221E-07
   19.2749996         4.35700059E-07
   19.3250008         5.49411141E-07
   19.3750000         6.88688544E-07
   19.4249992         8.58500982E-07
   19.4750004         1.06463733E-06
   19.5249996         1.31381557E-06
   19.5750008         1.61380274E-06
   19.6250000         1.97354393E-06
   19.6749992         2.40330246E-06
   19.7250004         2.91480978E-06
   19.7749996         3.52142456E-06
   19.8250008         4.23830261E-06
   19.8750000         5.08257335E-06
   19.9249992         6.07352240E-06
   19.9750004         7.23278345E-06
   20.0249996         8.58452768E-06
   20.0750008         1.01556607E-05
   20.1250000         1.19760116E-05
   20.1749992         1.40785205E-05
   20.2250004         1.64994162E-05
   20.2749996         1.92783773E-05
   20.3250008         2.24586820E-05
   20.3750000         2.60873258E-05
   20.4249992         3.02151147E-05
   20.4750004         3.48967187E-05
   20.5249996         4.01906909E-05
   20.5750008         4.61594136E-05
   20.6250000         5.28690216E-05
   20.6749992         6.03892295E-05
   20.7250004         6.87930951E-05
   20.7749996         7.81567069E-05
   20.8250008         8.85587797E-05
   20.8750000         1.00080157E-04
   20.9249992         1.12803194E-04
   20.9750004         1.26811050E-04
   21.0249996         1.42186866E-04
   21.0750008         1.59012838E-04
   21.1250000         1.77369104E-04
   21.1749992         1.97332614E-04
   21.2250004         2.18975809E-04
   21.2749996         2.42365219E-04
   21.3250008         2.67559895E-04
   21.3750000         2.94609839E-04
   21.4249992         3.23554268E-04
   21.4750004         3.54419870E-04
   21.5249996         3.87218839E-04
   21.5750008         4.21947159E-04
   21.6250000         4.58582654E-04
   21.6749992         4.97083063E-04
   21.7250004         5.37384243E-04
   21.7749996         5.79398475E-04
   21.8250008         6.23012718E-04
   21.8750000         6.68087276E-04
   21.9249992         7.14454218E-04
   21.9750004         7.61916745E-04
   22.0249996         8.10247788E-04
   22.0750008         8.59189953E-04
   22.1250000         9.08455288E-04
   22.1749992         9.57725162E-04
   22.2250004         1.00665144E-03
   22.2749996         1.05485693E-03
   22.3250008         1.10193726E-03
   22.3750000         1.14746299E-03
   22.4249992         1.19098194E-03
   22.4750004         1.23202195E-03
   22.5249996         1.27009500E-03
   22.5750008         1.30470074E-03
   22.6250000         1.33533112E-03
   22.6749992         1.36147568E-03
   22.7250004         1.38262613E-03
   22.7749996         1.39828271E-03
   22.8250008         1.40796031E-03
   22.8750000         1.41119398E-03
   22.9249992         1.40754622E-03
   22.9750004         1.39661273E-03
   23.0249996         1.37802970E-03
   23.0750008         1.35147956E-03
   23.1250000         1.31669734E-03
   23.1749992         1.27347675E-03
   23.2250004         1.22167566E-03
   23.2749996         1.16122072E-03
   23.3250008         1.09211204E-03
   23.3750000         1.01442670E-03
   23.4249992         9.28321679E-04
   23.4750004         8.34035745E-04
   23.5249996         7.31890264E-04
   23.5750008         6.22289663E-04
   23.6250000         5.05719974E-04
   23.6749992         3.82746657E-04
   23.7250004         2.54011713E-04
   23.7749996         1.20229073E-04
   23.8250008        -1.78207629E-05
   23.8750000        -1.59297080E-04
   23.9249992        -3.03306384E-04
   23.9750004        -4.48910607E-04
   24.0249996        -5.95136196E-04
   24.0750008        -7.40983931E-04
   24.1250000        -8.85438931E-04
   24.1749992        -1.02748175E-03
   24.2250004        -1.16609875E-03
   24.2749996        -1.30029395E-03
   24.3250008        -1.42909912E-03
   24.3750000        -1.55158550E-03
   24.4249992        -1.66687334E-03
   24.4750004        -1.77414238E-03
   24.5249996        -1.87264092E-03
   24.5750008        -1.96169387E-03
   24.6250000        -2.04071053E-03
   24.6749992        -2.10919068E-03
   24.7250004        -2.16673012E-03
   24.7749996        -2.21302407E-03
   24.8250008        -2.24787043E-03
   24.8750000        -2.27117073E-03
   24.9249992        -2.28292984E-03
   24.9750004        -2.28325510E-03
   25.0249996        -2.27235374E-03
   25.0750008        -2.25052889E-03
   25.1250000        -2.21817358E-03
   25.1749992        -2.17576651E-03
   25.2250004        -2.12386320E-03
   25.2749996        -2.06308882E-03
   25.3250008        -1.99412997E-03
   25.3750000        -1.91772426E-03
   25.4249992        -1.83465227E-03
   25.4750004        -1.74572633E-03
   25.5249996        -1.65178126E-03
   25.5750008        -1.55366433E-03
   25.6250000        -1.45222584E-03
   25.6749992        -1.34830910E-03
   25.7250004        -1.24274206E-03
   25.7749996        -1.13632914E-03
   25.8250008        -1.02984277E-03
   25.8750000        -9.24017397E-04
   25.9249992        -8.19542969E-04
   25.9750004        -7.17059884E-04
   26.0249996        -6.17154641E-04
   26.0750008        -5.20356640E-04
   26.1250000        -4.27135703E-04
   26.1749992        -3.37900507E-04
   26.2250004        -2.52998172E-04
   26.2749996        -1.72714339E-04
   26.3250008        -9.72742419E-05
   26.3750000        -2.68444146E-05
   26.4249992         3.84649538E-05
   26.4750004         9.85970837E-05
   26.5249996         1.53545203E-04
   26.5750008         2.03348725E-04
   26.6250000         2.48089258E-04
   26.6749992         2.87886098E-04
   26.7250004         3.22892040E-04
   26.7749996         3.53288604E-04
   26.8250008         3.79281759E-04
   26.8750000         4.01097321E-04
   26.9249992         4.18976910E-04
   26.9750004         4.33173613E-04
   27.0249996         4.43948433E-04
   27.0750008         4.51566390E-04
   27.1250000         4.56293550E-04
   27.1749992         4.58393886E-04
   27.2250004         4.58126742E-04
   27.2749996         4.55744477E-04
   27.3250008         4.51490574E-04
   27.3750000         4.45597980E-04
   27.4249992         4.38287767E-04
   27.4750004         4.29768232E-04
   27.5249996         4.20233991E-04
   27.5750008         4.09865665E-04
   27.6250000         3.98829492E-04
   27.6749992         3.87277483E-04
   27.7250004         3.75347416E-04
   27.7749996         3.63163184E-04
   27.8250008         3.50835355E-04
   27.8750000         3.38461570E-04
   27.9249992         3.26127280E-04
   27.9750004         3.13906523E-04
   28.0249996         3.01862543E-04
   28.0750008         2.90048658E-04
   28.1250000         2.78509076E-04
   28.1749992         2.67279684E-04
   28.2250004         2.56388856E-04
   28.2749996         2.45858188E-04
   28.3250008         2.35703308E-04
   28.3750000         2.25934506E-04
   28.4249992         2.16557470E-04
   28.4750004         2.07573888E-04
   28.5249996         1.98982016E-04
   28.5750008         1.90777224E-04
   28.6250000         1.82952441E-04
   28.6749992         1.75498688E-04
   28.7250004         1.68405357E-04
   28.7749996         1.61660661E-04
   28.8250008         1.55251866E-04
   28.8750000         1.49165586E-04
   28.9249992         1.43388039E-04
   28.9750004         1.37905226E-04
   29.0249996         1.32703106E-04
   29.0750008         1.27767737E-04
   29.1250000         1.23085367E-04
   29.1749992         1.18642594E-04
   29.2250004         1.14426381E-04
   29.2749996         1.10424124E-04
   29.3250008         1.06623738E-04
   29.3750000         1.03013619E-04
   29.4249992         9.95827213E-05
   29.4750004         9.63205384E-05
   29.5249996         9.32171170E-05
   29.5750008         9.02630418E-05
   29.6250000         8.74494290E-05
   29.6749992         8.47679185E-05
   29.7250004         8.22106522E-05
   29.7749996         7.97702596E-05
   29.8250008         7.74398286E-05
   29.8750000         7.52128981E-05
   29.9249992         7.30833999E-05
   29.9750004         7.10456879E-05
   30.0249996         6.90944798E-05
   30.0750008         6.72248425E-05
   30.1250000         6.54321702E-05
   30.1749992         6.37121557E-05
   30.2250004         6.20608043E-05
   30.2749996         6.04743545E-05
   30.3250008         5.89493175E-05
   30.3750000         5.74824298E-05
   30.4249992         5.60706394E-05
   30.4750004         5.47110976E-05
   30.5249996         5.34011378E-05
   30.5750008         5.21382717E-05
   30.6250000         5.09201564E-05
   30.6749992         4.97446126E-05
   30.7250004         4.86095851E-05
   30.7749996         4.75131565E-05
   30.8250008         4.64535187E-05
   30.8750000         4.54289730E-05
   30.9249992         4.44379293E-05
   30.9750004         4.34788817E-05
   31.0249996         4.25504222E-05
   31.0750008         4.16512121E-05
   31.1250000         4.07799962E-05
   31.1749992         3.99355849E-05
   31.2250004         3.91168614E-05
   31.2749996         3.83227634E-05
   31.3250008         3.75522868E-05
   31.3750000         3.68044784E-05
   31.4249992         3.60784361E-05
   31.4750004         3.53733085E-05
   31.5249996         3.46882844E-05
   31.5750008         3.40225852E-05
   31.6250000         3.33754870E-05
   31.6749992         3.27462876E-05
   31.7250004         3.21343250E-05
   31.7749996         3.15389625E-05
   31.8250008         3.09596035E-05
   31.8750000         3.03956713E-05
   31.9249992         2.98466166E-05
   31.9750004         2.93119174E-05
   32.0250015         2.87910716E-05
   32.0750008         2.82836045E-05
   32.1250000         2.77890540E-05
   32.1749992         2.73069891E-05
   32.2249985         2.68369859E-05
   32.2750015         2.63786460E-05
   32.3250008         2.59315857E-05
   32.3750000         2.54954375E-05
   32.4249992         2.50698449E-05
   32.4749985         2.46544751E-05
   32.5250015         2.42489987E-05
   32.5750008         2.38531047E-05
   32.6250000         2.34664949E-05
   32.6749992         2.30888800E-05
   32.7249985         2.27199853E-05
   32.7750015         2.23595453E-05
   32.8250008         2.20073034E-05
   32.8750000         2.16630142E-05
   32.9249992         2.13264393E-05
   32.9749985         2.09973550E-05
   33.0250015         2.06755412E-05
   33.0750008         2.03607869E-05
   33.1250000         2.00528884E-05
   33.1749992         1.97516529E-05
   33.2249985         1.94568893E-05
   33.2750015         1.91684157E-05
   33.3250008         1.88860613E-05
   33.3750000         1.86096568E-05
   33.4249992         1.83390366E-05
   33.4749985         1.80740481E-05
   33.5250015         1.78145383E-05
   33.5750008         1.75603618E-05
   33.6250000         1.73113804E-05
   33.6749992         1.70674557E-05
   33.7249985         1.68284587E-05
   33.7750015         1.65942620E-05
   33.8250008         1.63647437E-05
   33.8750000         1.61397875E-05
   33.9249992         1.59192768E-05
   33.9749985         1.57031027E-05
   34.0250015         1.54911595E-05
   34.0750008         1.52833400E-05
   34.1250000         1.50795458E-05
   34.1749992         1.48796789E-05
   34.2249985         1.46836446E-05
   34.2750015         1.44913511E-05
   34.3250008         1.43027082E-05
   34.3750000         1.41176288E-05
   34.4249992         1.39360272E-05
   34.4749985         1.37578199E-05
   34.5250015         1.35829250E-05
   34.5750008         1.34112643E-05
   34.6250000         1.32427585E-05
   34.6749992         1.30773315E-05
   34.7249985         1.29149084E-05
   34.7750015         1.27554158E-05
   34.8250008         1.25987817E-05
   34.8750000         1.24449343E-05
   34.9249992         1.22938036E-05
   34.9749985         1.21453231E-05
   35.0250015         1.19994238E-05
   35.0750008         1.18560401E-05
   35.1250000         1.17151076E-05
   35.1749992         1.15765633E-05
   35.2249985         1.14403456E-05
   35.2750015         1.13063934E-05
   35.3250008         1.11746476E-05
   35.3750000         1.10450501E-05
   35.4249992         1.09175471E-05
   35.4749985         1.07920823E-05
   35.5250015         1.06686039E-05
   35.5750008         1.05470626E-05
   35.6250000         1.04274086E-05
   35.6749992         1.03095954E-05
   35.7249985         1.01935793E-05
   35.7750015         1.00793168E-05
   35.8250008         9.96676863E-06
   35.8750000         9.85589486E-06
   35.9249992         9.74666182E-06
   35.9749985         9.63903403E-06
   36.0250015         9.53298058E-06
   36.0750008         9.42847146E-06
   36.1250000         9.32547846E-06
   36.1749992         9.22397703E-06
   36.2249985         9.12394262E-06
   36.2750015         9.02535339E-06
   36.3250008         8.92818844E-06
   36.3750000         8.83242865E-06
   36.4249992         8.73805675E-06
   36.4749985         8.64505546E-06
   36.5250015         8.55340932E-06
   36.5750008         8.46310377E-06
   36.6250000         8.37412426E-06
   36.6749992         8.28645716E-06
   36.7249985         8.20008881E-06
   36.7750015         8.11500468E-06
   36.8250008         8.03119383E-06
   36.8750000         7.94863990E-06
   36.9249992         7.86733017E-06
   36.9749985         7.78725098E-06
   37.0250015         7.70838506E-06
   37.0750008         7.63071967E-06
   37.1250000         7.55423616E-06
   37.1749992         7.47891863E-06
   37.2249985         7.40474889E-06
   37.2750015         7.33170918E-06
   37.3250008         7.25977952E-06
   37.3750000         7.18894034E-06
   37.4249992         7.11917073E-06
   37.4749985         7.05045022E-06
   37.5250015         6.98275653E-06
   37.5750008         6.91606783E-06
   37.6250000         6.85036184E-06
   37.6749992         6.78561582E-06
   37.7249985         6.72180704E-06
   37.7750015         6.65891275E-06
   37.8250008         6.59691068E-06
   37.8750000         6.53577854E-06
   37.9249992         6.47549405E-06
   37.9749985         6.41603583E-06
   38.0250015         6.35738252E-06
   38.0750008         6.29951410E-06
   38.1250000         6.24241056E-06
   38.1749992         6.18605281E-06
   38.2249985         6.13042312E-06
   38.2750015         6.07550282E-06
   38.3250008         6.02127648E-06
   38.3750000         5.96772770E-06
   38.4249992         5.91484149E-06
   38.4749985         5.86260421E-06
   38.5250015         5.81100176E-06
   38.5750008         5.76002230E-06
   38.6250000         5.70965358E-06
   38.6749992         5.65988466E-06
   38.7249985         5.61070556E-06
   38.7750015         5.56210580E-06
   38.8250008         5.51407629E-06
   38.8750000         5.46660885E-06
   38.9249992         5.41969484E-06
   38.9749985         5.37332608E-06
   39.0250015         5.32749573E-06
   39.0750008         5.28219607E-06
   39.1250000         5.23742074E-06
   39.1749992         5.19316245E-06
   39.2249985         5.14941530E-06
   39.2750015         5.10617247E-06
   39.3250008         5.06342849E-06
   39.3750000         5.02117655E-06
   39.4249992         4.97941073E-06
   39.4749985         4.93812513E-06
   39.5250015         4.89731383E-06
   39.5750008         4.85697137E-06
   39.6250000         4.81709139E-06
   39.6749992         4.77766798E-06
   39.7249985         4.73869613E-06
   39.7750015         4.70016903E-06
   39.8250008         4.66208166E-06
   39.8750000         4.62442813E-06
   39.9249992         4.58720206E-06
   39.9749985         4.55039890E-06
   40.0250015         4.51401183E-06
   40.0750008         4.47803586E-06
   40.1250000         4.44246552E-06
   40.1749992         4.40729445E-06
   40.2249985         4.37251811E-06
   40.2750015         4.33813011E-06
   40.3250008         4.30412592E-06
   40.3750000         4.27049963E-06
   40.4249992         4.23724578E-06
   40.4749985         4.20435936E-06
   40.5250015         4.17183583E-06
   40.5750008         4.13966882E-06
   40.6250000         4.10785424E-06
   40.6749992         4.07638709E-06
   40.7249985         4.04526190E-06
   40.7750015         4.01447414E-06
   40.8250008         3.98401926E-06
   40.8750000         3.95389270E-06
   40.9249992         3.92408947E-06
   40.9749985         3.89460547E-06
   41.0250015         3.86543570E-06
   41.0750008         3.83657652E-06
   41.1250000         3.80802317E-06
   41.1749992         3.77977176E-06
   41.2249985         3.75181799E-06
   41.2750015         3.72415798E-06
   41.3250008         3.69678764E-06
   41.3750000         3.66970312E-06
   41.4249992         3.64290054E-06
   41.4749985         3.61637626E-06
   41.5250015         3.59012665E-06
   41.5750008         3.56414785E-06
   41.6250000         3.53843643E-06
   41.6749992         3.51298877E-06
   41.7249985         3.48780145E-06
   41.7750015         3.46287061E-06
   41.8250008         3.43819306E-06
   41.8750000         3.41376517E-06
   41.9249992         3.38958330E-06
   41.9749985         3.36564358E-06
   42.0250015         3.34194215E-06
   42.0750008         3.31847536E-06
   42.1250000         3.29523891E-06
   42.1749992         3.27222824E-06
   42.2249985         3.24943858E-06
   42.2750015         3.22686492E-06
   42.3250008         3.20450135E-06
   42.3750000         3.18234174E-06
   42.4249992         3.16037904E-06
   42.4749985         3.13860596E-06
   42.5250015         3.11701342E-06
   42.5750008         3.09559209E-06
   42.6250000         3.07433061E-06
   42.6749992         3.05321691E-06
   42.7249985         3.03223692E-06
   42.7750015         3.01137470E-06
   42.8250008         2.99061253E-06
   42.8750000         2.96993039E-06
   42.9249992         2.94930555E-06
   42.9749985         2.92871277E-06
   43.0250015         2.90812318E-06
   43.0750008         2.88750516E-06
   43.1250000         2.86682325E-06
   43.1749992         2.84603789E-06
   43.2249985         2.82510541E-06
   43.2750015         2.80397762E-06
   43.3250008         2.78260109E-06
   43.3750000         2.76091805E-06
   43.4249992         2.73886485E-06
   43.4749985         2.71637236E-06
   43.5250015         2.69336556E-06
   43.5750008         2.66976394E-06
   43.6250000         2.64548066E-06
   43.6749992         2.62042295E-06
   43.7249985         2.59449212E-06
   43.7750015         2.56758403E-06
   43.8250008         2.53958797E-06
   43.8750000         2.51038887E-06
   43.9249992         2.47986645E-06
   43.9749985         2.44789612E-06
   44.0250015         2.41434964E-06
   44.0750008         2.37909603E-06
   44.1250000         2.34200274E-06
   44.1749992         2.30293585E-06
   44.2249985         2.26176235E-06
   44.2750015         2.21835171E-06
   44.3250008         2.17257616E-06
   44.3750000         2.12431337E-06
   44.4249992         2.07344851E-06
   44.4749985         2.01987564E-06
   44.5250015         1.96350015E-06
   44.5750008         1.90424100E-06
   44.6250000         1.84203293E-06
   44.6749992         1.77682887E-06
   44.7249985         1.70860278E-06
   44.7750015         1.63735137E-06
   44.8250008         1.56309738E-06
   44.8750000         1.48589129E-06
   44.9249992         1.40581380E-06
   44.9749985         1.32297851E-06
   45.0250015         1.23753284E-06
   45.0750008         1.14966110E-06
   45.1250000         1.05958475E-06
   45.1749992         9.67564461E-07
   45.2249985         8.73900660E-07
   45.2750015         7.78933838E-07
   45.3250008         6.83044675E-07
   45.3750000         5.86653698E-07
   45.4249992         4.90219861E-07
   45.4749985         3.94239493E-07
   45.5250015         2.99243879E-07
   45.5750008         2.05796638E-07
   45.6250000         1.14490483E-07
   45.6749992         2.59433577E-08
   45.7249985        -5.92060871E-08
   45.7750015        -1.40303442E-07
   45.8250008        -2.16684114E-07
   45.8750000        -2.87679370E-07
   45.9249992        -3.52622891E-07
   45.9749985        -4.10857467E-07
   46.0250015        -4.61742445E-07
   46.0750008        -5.04661045E-07
   46.1250000        -5.39027781E-07
   46.1749992        -5.64296556E-07
   46.2249985        -5.79967661E-07
   46.2750015        -5.85595842E-07
   46.3250008        -5.80797064E-07
   46.3750000        -5.65255334E-07
   46.4249992        -5.38729296E-07
   46.4749985        -5.01057684E-07
   46.5250015        -4.52164585E-07
   46.5750008        -3.92063356E-07
   46.6250000        -3.20860153E-07
   46.6749992        -2.38756201E-07
   46.7249985        -1.46048990E-07
   46.7750015        -4.31325233E-08
   46.8250008         6.95037770E-08
   46.8750000         1.91277209E-07
   46.9249992         3.21515216E-07
   46.9749985         4.59459955E-07
   47.0250015         6.04274021E-07
   47.0750008         7.55047324E-07
   47.1250000         9.10804943E-07
   47.1749992         1.07051596E-06
   47.2249985         1.23310349E-06
   47.2750015         1.39745441E-06
   47.3250008         1.56243141E-06
   47.3750000         1.72688351E-06
   47.4249992         1.88965896E-06
   47.4749985         2.04961611E-06
   47.5250015         2.20563675E-06
   47.5750008         2.35663629E-06
   47.6250000         2.50157632E-06
   47.6749992         2.63947595E-06
   47.7249985         2.76942023E-06
   47.7750015         2.89057152E-06
   47.8250008         3.00217653E-06
   47.8750000         3.10357495E-06
   47.9249992         3.19420406E-06
   47.9749985         3.27360544E-06
