  -12.0000000         0.00000000    
  -11.9499998         0.00000000    
  -11.8999996         0.00000000    
  -11.8500004         0.00000000    
  -11.8000002         0.00000000    
  -11.7500000         0.00000000    
  -11.6999998         0.00000000    
  -11.6499996         0.00000000    
  -11.6000004         0.00000000    
  -11.5500002         0.00000000    
  -11.5000000         0.00000000    
  -11.4499998         0.00000000    
  -11.3999996         0.00000000    
  -11.3500004         0.00000000    
  -11.3000002         0.00000000    
  -11.2500000         0.00000000    
  -11.1999998         0.00000000    
  -11.1499996         0.00000000    
  -11.1000004         0.00000000    
  -11.0500002         0.00000000    
  -11.0000000         0.00000000    
  -10.9499998         0.00000000    
  -10.8999996         0.00000000    
  -10.8500004         0.00000000    
  -10.8000002         0.00000000    
  -10.7500000         0.00000000    
  -10.6999998         0.00000000    
  -10.6499996         0.00000000    
  -10.6000004         0.00000000    
  -10.5500002         0.00000000    
  -10.5000000        -0.00000000    
  -10.4499998         0.00000000    
  -10.3999996        -0.00000000    
  -10.3500004         0.00000000    
  -10.3000002        -0.00000000    
  -10.2500000         0.00000000    
  -10.1999998         0.00000000    
  -10.1499996        -0.00000000    
  -10.1000004        -0.00000000    
  -10.0500002        -0.00000000    
  -10.0000000         0.00000000    
  -9.94999981         0.00000000    
  -9.89999962        -0.00000000    
  -9.85000038        -0.00000000    
  -9.80000019        -0.00000000    
  -9.75000000         0.00000000    
  -9.69999981         0.00000000    
  -9.64999962         0.00000000    
  -9.60000038         0.00000000    
  -9.55000019        -0.00000000    
  -9.50000000        -0.00000000    
  -9.44999981        -0.00000000    
  -9.39999962         0.00000000    
  -9.35000038         0.00000000    
  -9.30000019         0.00000000    
  -9.25000000         0.00000000    
  -9.19999981        -0.00000000    
  -9.14999962        -0.00000000    
  -9.10000038        -0.00000000    
  -9.05000019        -0.00000000    
  -9.00000000        -0.00000000    
  -8.94999981         0.00000000    
  -8.89999962         0.00000000    
  -8.85000038         0.00000000    
  -8.80000019         0.00000000    
  -8.75000000        -0.00000000    
  -8.69999981        -0.00000000    
  -8.64999962        -0.00000000    
  -8.60000038        -0.00000000    
  -8.55000019        -0.00000000    
  -8.50000000         0.00000000    
  -8.44999981         0.00000000    
  -8.39999962         0.00000000    
  -8.35000038         0.00000000    
  -8.30000019         0.00000000    
  -8.25000000         0.00000000    
  -8.19999981        -0.00000000    
  -8.14999962        -0.00000000    
  -8.10000038        -0.00000000    
  -8.05000019        -0.00000000    
  -8.00000000        -0.00000000    
  -7.94999981         0.00000000    
  -7.90000010         0.00000000    
  -7.84999990         0.00000000    
  -7.80000019         0.00000000    
  -7.75000000         0.00000000    
  -7.69999981         0.00000000    
  -7.65000010        -0.00000000    
  -7.59999990        -0.00000000    
  -7.55000019        -0.00000000    
  -7.50000000        -0.00000000    
  -7.44999981        -0.00000000    
  -7.40000010        -0.00000000    
  -7.34999990         0.00000000    
  -7.30000019         0.00000000    
  -7.25000000         0.00000000    
  -7.19999981         0.00000000    
  -7.15000010         0.00000000    
  -7.09999990         0.00000000    
  -7.05000019         0.00000000    
  -7.00000000        -0.00000000    
  -6.94999981        -0.00000000    
  -6.90000010        -0.00000000    
  -6.84999990        -0.00000000    
  -6.80000019        -0.00000000    
  -6.75000000        -0.00000000    
  -6.69999981         0.00000000    
  -6.65000010         0.00000000    
  -6.59999990         0.00000000    
  -6.55000019         0.00000000    
  -6.50000000         0.00000000    
  -6.44999981         0.00000000    
  -6.40000010         0.00000000    
  -6.34999990        -0.00000000    
  -6.30000019        -0.00000000    
  -6.25000000        -0.00000000    
  -6.19999981        -0.00000000    
  -6.15000010        -0.00000000    
  -6.09999990        -0.00000000    
  -6.05000019        -0.00000000    
  -6.00000000         0.00000000    
  -5.94999981         0.00000000    
  -5.90000010         0.00000000    
  -5.84999990         0.00000000    
  -5.80000019         0.00000000    
  -5.75000000         0.00000000    
  -5.69999981         0.00000000    
  -5.65000010        -0.00000000    
  -5.59999990        -0.00000000    
  -5.55000019        -0.00000000    
  -5.50000000        -0.00000000    
  -5.44999981        -0.00000000    
  -5.40000010        -0.00000000    
  -5.34999990        -0.00000000    
  -5.30000019        -0.00000000    
  -5.25000000         0.00000000    
  -5.19999981         0.00000000    
  -5.15000010         0.00000000    
  -5.09999990         0.00000000    
  -5.05000019         0.00000000    
  -5.00000000         0.00000000    
  -4.94999981         0.00000000    
  -4.90000010        -0.00000000    
  -4.84999990        -0.00000000    
  -4.80000019        -0.00000000    
  -4.75000000        -0.00000000    
  -4.69999981        -0.00000000    
  -4.65000010        -0.00000000    
  -4.59999990        -0.00000000    
  -4.55000019        -0.00000000    
  -4.50000000         0.00000000    
  -4.44999981         0.00000000    
  -4.40000010         0.00000000    
  -4.34999990         0.00000000    
  -4.30000019         0.00000000    
  -4.25000000         0.00000000    
  -4.19999981         0.00000000    
  -4.15000010         0.00000000    
  -4.09999990        -0.00000000    
  -4.05000019        -0.00000000    
  -4.00000000        -0.00000000    
  -3.95000005        -0.00000000    
  -3.90000010        -0.00000000    
  -3.84999990        -0.00000000    
  -3.79999995        -0.00000000    
  -3.75000000        -0.00000000    
  -3.70000005         0.00000000    
  -3.65000010         0.00000000    
  -3.59999990         0.00000000    
  -3.54999995         0.00000000    
  -3.50000000         0.00000000    
  -3.45000005         0.00000000    
  -3.40000010         0.00000000    
  -3.34999990         0.00000000    
  -3.29999995         0.00000000    
  -3.25000000        -0.00000000    
  -3.20000005        -0.00000000    
  -3.15000010        -0.00000000    
  -3.09999990        -0.00000000    
  -3.04999995        -0.00000000    
  -3.00000000        -0.00000000    
  -2.95000005        -0.00000000    
  -2.90000010        -0.00000000    
  -2.84999990        -0.00000000    
  -2.79999995         0.00000000    
  -2.75000000         0.00000000    
  -2.70000005         0.00000000    
  -2.65000010         0.00000000    
  -2.59999990         0.00000000    
  -2.54999995         0.00000000    
  -2.50000000         0.00000000    
  -2.45000005         0.00000000    
  -2.40000010        -0.00000000    
  -2.34999990        -0.00000000    
  -2.29999995        -0.00000000    
  -2.25000000        -0.00000000    
  -2.20000005        -0.00000000    
  -2.15000010        -0.00000000    
  -2.09999990        -0.00000000    
  -2.04999995        -0.00000000    
  -2.00000000        -0.00000000    
  -1.95000005         0.00000000    
  -1.89999998         0.00000000    
  -1.85000002         0.00000000    
  -1.79999995         0.00000000    
  -1.75000000         0.00000000    
  -1.70000005         0.00000000    
  -1.64999998         0.00000000    
  -1.60000002         0.00000000    
  -1.54999995         0.00000000    
  -1.50000000         0.00000000    
  -1.45000005        -0.00000000    
  -1.39999998        -0.00000000    
  -1.35000002        -0.00000000    
  -1.29999995        -0.00000000    
  -1.25000000        -0.00000000    
  -1.20000005        -0.00000000    
  -1.14999998        -0.00000000    
  -1.10000002        -0.00000000    
  -1.04999995        -0.00000000    
  -1.00000000         0.00000000    
 -0.949999988         0.00000000    
 -0.899999976         0.00000000    
 -0.850000024         0.00000000    
 -0.800000012         0.00000000    
 -0.750000000         0.00000000    
 -0.699999988         0.00000000    
 -0.649999976         0.00000000    
 -0.600000024         0.00000000    
 -0.550000012         0.00000000    
 -0.500000000        -0.00000000    
 -0.449999988        -0.00000000    
 -0.400000006        -0.00000000    
 -0.349999994        -0.00000000    
 -0.300000012        -0.00000000    
 -0.250000000        -0.00000000    
 -0.200000003        -0.00000000    
 -0.150000006        -0.00000000    
 -0.100000001        -0.00000000    
  -5.00000007E-02    -0.00000000    
   1.77635684E-15     0.00000000    
   5.00000007E-02     0.00000000    
  0.100000001         0.00000000    
  0.150000006         0.00000000    
  0.200000003         0.00000000    
  0.250000000         0.00000000    
  0.300000012         0.00000000    
  0.349999994         0.00000000    
  0.400000006         0.00000000    
  0.449999988         0.00000000    
  0.500000000        -0.00000000    
  0.550000012        -0.00000000    
  0.600000024        -0.00000000    
  0.649999976        -0.00000000    
  0.699999988        -0.00000000    
  0.750000000        -0.00000000    
  0.800000012        -0.00000000    
  0.850000024        -0.00000000    
  0.899999976        -0.00000000    
  0.949999988        -0.00000000    
   1.00000000        -0.00000000    
   1.04999995         0.00000000    
   1.10000002         0.00000000    
   1.14999998         0.00000000    
   1.20000005         0.00000000    
   1.25000000         0.00000000    
   1.29999995         0.00000000    
   1.35000002         0.00000000    
   1.39999998         0.00000000    
   1.45000005         0.00000000    
   1.50000000         0.00000000    
   1.54999995        -0.00000000    
   1.60000002        -0.00000000    
   1.64999998        -0.00000000    
   1.70000005        -0.00000000    
   1.75000000        -0.00000000    
   1.79999995        -0.00000000    
   1.85000002        -0.00000000    
   1.89999998        -0.00000000    
   1.95000005        -0.00000000    
   2.00000000        -0.00000000    
   2.04999995        -0.00000000    
   2.09999990         0.00000000    
   2.15000010         0.00000000    
   2.20000005         0.00000000    
   2.25000000         0.00000000    
   2.29999995         0.00000000    
   2.34999990         0.00000000    
   2.40000010         0.00000000    
   2.45000005         0.00000000    
   2.50000000         0.00000000    
   2.54999995         0.00000000    
   2.59999990         0.00000000    
   2.65000010         0.00000000    
   2.70000005        -0.00000000    
   2.75000000        -0.00000000    
   2.79999995        -0.00000000    
   2.84999990        -0.00000000    
   2.90000010        -0.00000000    
   2.95000005        -0.00000000    
   3.00000000        -0.00000000    
   3.04999995        -0.00000000    
   3.09999990        -0.00000000    
   3.15000010        -0.00000000    
   3.20000005        -0.00000000    
   3.25000000         0.00000000    
   3.29999995         0.00000000    
   3.34999990         0.00000000    
   3.40000010         0.00000000    
   3.45000005         0.00000000    
   3.50000000         0.00000000    
   3.54999995         0.00000000    
   3.59999990         0.00000000    
   3.65000010         0.00000000    
   3.70000005         0.00000000    
   3.75000000         0.00000000    
   3.79999995         0.00000000    
   3.84999990        -0.00000000    
   3.90000010        -0.00000000    
   3.95000005        -0.00000000    
   4.00000000        -0.00000000    
   4.05000019        -0.00000000    
   4.09999990        -0.00000000    
   4.15000010        -0.00000000    
   4.19999981        -0.00000000    
   4.25000000        -0.00000000    
   4.30000019        -0.00000000    
   4.34999990        -0.00000000    
   4.40000010        -0.00000000    
   4.44999981         0.00000000    
   4.50000000         0.00000000    
   4.55000019         0.00000000    
   4.59999990         0.00000000    
   4.65000010         0.00000000    
   4.69999981         0.00000000    
   4.75000000         0.00000000    
   4.80000019         0.00000000    
   4.84999990         0.00000000    
   4.90000010         0.00000000    
   4.94999981         0.00000000    
   5.00000000         0.00000000    
   5.05000019         0.00000000    
   5.09999990        -0.00000000    
   5.15000010        -1.40129846E-45
   5.19999981        -1.40129846E-45
   5.25000000        -2.80259693E-45
   5.30000019        -4.20389539E-45
   5.34999990        -5.60519386E-45
   5.40000010        -7.00649232E-45
   5.44999981        -8.40779079E-45
   5.50000000        -9.80908925E-45
   5.55000019        -1.12103877E-44
   5.59999990        -1.12103877E-44
   5.65000010        -8.40779079E-45
   5.69999981        -1.40129846E-45
   5.75000000         9.80908925E-45
   5.80000019         2.80259693E-44
   5.84999990         5.32493416E-44
   5.90000010         8.82818033E-44
   5.94999981         1.35925951E-43
   6.00000000         1.91977890E-43
   6.05000019         2.57838917E-43
   6.09999990         3.27903841E-43
   6.15000010         3.93764868E-43
   6.19999981         4.41409016E-43
   6.25000000         4.52619404E-43
   6.30000019         3.97968764E-43
   6.34999990         2.41023336E-43
   6.40000010        -6.30584309E-44
   6.44999981        -5.67525878E-43
   6.50000000        -1.33403614E-42
   6.55000019        -2.42564764E-42
   6.59999990        -3.89981363E-42
   6.65000010        -5.80137564E-42
   6.69999981        -8.14714927E-42
   6.75000000        -1.09049046E-41
   6.80000019        -1.39737483E-41
   6.84999990        -1.71560971E-41
   6.90000010        -2.01254485E-41
   6.94999981        -2.23941508E-41
   7.00000000        -2.32685610E-41
   7.05000019        -2.18210197E-41
   7.09999990        -1.68422062E-41
   7.15000010        -6.79629755E-42
   7.19999981         1.02266762E-41
   7.25000000         3.65822977E-41
   7.30000019         7.51796626E-41
   7.34999990         1.29638325E-40
   7.40000010         2.04544734E-40
   7.44999981         3.05854409E-40
   7.50000000         4.41463667E-40
   7.55000019         6.22036388E-40
   7.59999990         8.62090026E-40
   7.65000010         1.18131703E-39
   7.69999981         1.60603938E-39
   7.75000000         2.17046418E-39
   7.80000019         2.91716289E-39
   7.84999990         3.89571062E-39
   7.90000010         5.15777467E-39
   7.94999981         6.74596431E-39
   8.00000000         8.67245263E-39
   8.05000019         1.08816795E-38
   8.10000038         1.31892426E-38
   8.14999962         1.51864894E-38
   8.19999981         1.60974287E-38
   8.25000000         1.45715730E-38
   8.30000019         8.39396137E-39
   8.35000038        -5.90735304E-39
   8.39999962        -3.35740266E-38
   8.44999981        -8.22605639E-38
   8.50000000        -1.62801914E-37
   8.55000019        -2.90069544E-37
   8.60000038        -4.83829931E-37
   8.64999962        -7.69439310E-37
   8.69999981        -1.17808861E-36
   8.75000000        -1.74613573E-36
   8.80000019        -2.51281648E-36
   8.85000038        -3.51528343E-36
   8.89999962        -4.77947903E-36
   8.94999981        -6.30476725E-36
   9.00000000        -8.03955269E-36
   9.05000019        -9.84426225E-36
   9.10000038        -1.14371826E-35
   9.14999962        -1.23176942E-35
   9.19999981        -1.16607224E-35
   9.25000000        -8.17591979E-36
   9.30000019         7.43379138E-38
   9.35000038         1.59019317E-35
   9.39999962         4.32641327E-35
   9.44999981         8.75695881E-35
   9.50000000         1.55995688E-34
   9.55000019         2.57771516E-34
   9.60000038         4.04346868E-34
   9.64999962         6.09319288E-34
   9.69999981         8.87921321E-34
   9.75000000         1.25577841E-33
   9.80000019         1.72651945E-33
   9.85000038         2.30766604E-33
   9.89999962         2.99402323E-33
   9.94999981         3.75755585E-33
   10.0000000         4.53246561E-33
   10.0500002         5.19389057E-33
   10.1000004         5.52838997E-33
   10.1499996         5.19416901E-33
   10.1999998         3.66899448E-33
   10.2500000         1.84031481E-34
   10.3000002        -6.35733867E-33
   10.3500004        -1.74750166E-32
   10.3999996        -3.52184073E-32
   10.4499998        -6.22750811E-32
   10.5000000        -1.02066423E-31
   10.5500002        -1.58804079E-31
   10.6000004        -2.37466104E-31
   10.6499996        -3.43630124E-31
   10.6999998        -4.83073494E-31
   10.7500000        -6.61011648E-31
   10.8000002        -8.80800738E-31
   10.8500004        -1.14186957E-30
   10.8999996        -1.43657832E-30
   10.9499998        -1.74562209E-30
   11.0000000        -2.03151153E-30
   11.0500002        -2.22958402E-30
   11.1000004        -2.23593658E-30
   11.1499996        -1.89164613E-30
   11.1999998        -9.62703636E-31
   11.2500000         8.84732438E-31
   11.3000002         4.11377395E-30
   11.3500004         9.35025672E-30
   11.3999996         1.74184234E-29
   11.4499998         2.93753217E-29
   11.5000000         4.65378733E-29
   11.5500002         7.04929239E-29
   11.6000004         1.03075542E-28
   11.6499996         1.46294060E-28
   11.6999998         2.02171270E-28
   11.7500000         2.72459937E-28
   11.8000002         3.58176025E-28
   11.8500004         4.58876017E-28
   11.8999996         5.71584182E-28
   11.9499998         6.89252723E-28
   12.0000000         7.98614922E-28
   12.0500002         8.77267542E-28
   12.1000004         8.89803516E-28
   12.1499996         7.82809489E-28
   12.1999998         4.78558684E-28
   12.2500000        -1.32720250E-28
   12.3000002        -1.20201717E-27
   12.3500004        -2.93199550E-27
   12.3999996        -5.58827833E-27
   12.4499998        -9.51067578E-27
   12.5000000        -1.51228195E-26
   12.5500002        -2.29377455E-26
   12.6000004        -3.35557424E-26
   12.6499996        -4.76490075E-26
   12.6999998        -6.59255681E-26
   12.7500000        -8.90618785E-26
   12.8000002        -1.17590195E-25
   12.8500004        -1.51722136E-25
   12.8999996        -1.91085111E-25
   12.9499998        -2.34341905E-25
   13.0000000        -2.78657916E-25
   13.0500002        -3.18973294E-25
   13.1000004        -3.47031819E-25
   13.1499996        -3.50113973E-25
   13.1999998        -3.09420188E-25
   13.2500000        -1.98056016E-25
   13.3000002         2.14164966E-26
   13.3500004         3.99867997E-25
   13.3999996         1.00489214E-24
   13.4499998         1.92438220E-24
   13.5000000         3.27016589E-24
   13.5500002         5.18130745E-24
   13.6000004         7.82645786E-24
   13.6499996         1.14043160E-23
   13.6999998         1.61408546E-23
   13.7500000         2.22814094E-23
   13.8000002         3.00750222E-23
   13.8500004         3.97475897E-23
   13.8999996         5.14592302E-23
   13.9499998         6.52400401E-23
   14.0000000         8.08969159E-23
   14.0500002         9.78823912E-23
   14.1000004         1.15114610E-22
   14.1499996         1.30735797E-22
   14.1999998         1.41794681E-22
   14.2500000         1.43837389E-22
   14.3000002         1.30390390E-22
   14.3500004         9.23204485E-23
   14.3999996         1.70594421E-23
   14.4499998        -1.12311894E-22
   14.5000000        -3.18115897E-22
   14.5500002        -6.29243168E-22
   14.6000004        -1.08238209E-21
   14.6499996        -1.72322623E-21
   14.6999998        -2.60752068E-21
   14.7500000        -3.80173462E-21
   14.8000002        -5.38305394E-21
   14.8500004        -7.43826010E-21
   14.8999996        -1.00608944E-20
   14.9499998        -1.33459178E-20
   15.0000000        -1.73808014E-20
   15.0500002        -2.22316858E-20
   15.1000004        -2.79228839E-20
   15.1499996        -3.44075631E-20
   15.1999998        -4.15269354E-20
   15.2500000        -4.89547943E-20
   15.3000002        -5.61235842E-20
   15.3500004        -6.21277005E-20
   15.3999996        -6.55991255E-20
   15.4499998        -6.45501054E-20
   15.5000000        -5.61774931E-20
   15.5500002        -3.66234055E-20
   15.6000004        -6.87891304E-22
   15.6499996         5.85093411E-20
   15.6999998         1.49918033E-19
   15.7500000         2.84992853E-19
   15.8000002         4.78164006E-19
   15.8500004         7.47322425E-19
   15.8999996         1.11428508E-18
   15.9499998         1.60518865E-18
   16.0000000         2.25073508E-18
   16.0499992         3.08618005E-18
   16.1000004         4.15091846E-18
   16.1499996         5.48746324E-18
   16.2000008         7.13955551E-18
   16.2500000         9.14905929E-18
   16.2999992         1.15512025E-17
   16.3500004         1.43676078E-17
   16.3999996         1.75964031E-17
   16.4500008         2.11985893E-17
   16.5000000         2.50795934E-17
   16.5499992         2.90647808E-17
   16.6000004         3.28674724E-17
   16.6499996         3.60477436E-17
   16.7000008         3.79600892E-17
   16.7500000         3.76877748E-17
   16.7999992         3.39615180E-17
   16.8500004         2.50600157E-17
   16.8999996         8.68980365E-18
   16.9500008        -1.81579379E-17
   17.0000000        -5.93756464E-17
   17.0499992        -1.19934042E-16
   17.1000004        -2.06103352E-16
   17.1499996        -3.25699732E-16
   17.2000008        -4.88352558E-16
   17.2500000        -7.05785703E-16
   17.2999992        -9.92099621E-16
   17.3500004        -1.36403676E-15
   17.3999996        -1.84120229E-15
   17.4500008        -2.44620320E-15
   17.5000000        -3.20465281E-15
   17.5499992        -4.14497267E-15
   17.6000004        -5.29790055E-15
   17.6499996        -6.69558157E-15
   17.7000008        -8.37009922E-15
   17.7500000        -1.03512373E-14
   17.7999992        -1.26632493E-14
   17.8500004        -1.53203086E-14
   17.8999996        -1.83202808E-14
   17.9500008        -2.16363504E-14
   18.0000000        -2.52059353E-14
   18.0499992        -2.89162310E-14
   18.1000004        -3.25855167E-14
   18.1499996        -3.59393369E-14
   18.2000008        -3.85802942E-14
   18.2500000        -3.99501904E-14
   18.2999992        -3.92828470E-14
   18.3500004        -3.55457918E-14
   18.3999996        -2.73686205E-14
   18.4500008        -1.29556002E-14
   18.5000000         1.00203854E-14
   18.5499992         4.45457066E-14
   18.6000004         9.44193657E-14
   18.6499996         1.64435983E-13
   18.7000008         2.60602900E-13
   18.7500000         3.90396564E-13
   18.7999992         5.63063702E-13
   18.8500004         7.89973338E-13
   18.8999996         1.08502649E-12
   18.9500008         1.46513021E-12
   19.0000000         1.95074404E-12
   19.0499992         2.56650669E-12
   19.1000004         3.34195106E-12
   19.1499996         4.31231656E-12
   19.2000008         5.51946683E-12
   19.2500000         7.01292193E-12
   19.2999992         8.85101627E-12
   19.3500004         1.11021825E-11
   19.3999996         1.38463780E-11
   19.4500008         1.71766559E-11
   19.5000000         2.12008883E-11
   19.5499992         2.60436360E-11
   19.6000004         3.18481838E-11
   19.6499996         3.87787198E-11
   19.7000008         4.70226809E-11
   19.7500000         5.67932194E-11
   19.7999992         6.83318263E-11
   19.8500004         8.19110335E-11
   19.8999996         9.78372661E-11
   19.9500008         1.16453722E-10
   20.0000000         1.38143261E-10
   20.0499992         1.63331376E-10
   20.1000004         1.92489025E-10
   20.1499996         2.26135402E-10
   20.2000008         2.64840538E-10
   20.2500000         3.09227616E-10
   20.2999992         3.59975105E-10
   20.3500004         4.17818308E-10
   20.3999996         4.83550533E-10
   20.4500008         5.58023627E-10
   20.5000000         6.42147946E-10
   20.5499992         7.36891270E-10
   20.6000004         8.43276837E-10
   20.6499996         9.62380731E-10
   20.7000008         1.09532738E-09
   20.7500000         1.24328470E-09
   20.7999992         1.40745682E-09
   20.8500004         1.58907609E-09
   20.8999996         1.78939352E-09
   20.9500008         2.00966688E-09
   21.0000000         2.25114727E-09
   21.0499992         2.51506527E-09
   21.1000004         2.80261259E-09
   21.1499996         3.11492476E-09
   21.2000008         3.45306028E-09
   21.2500000         3.81797838E-09
   21.2999992         4.21051638E-09
   21.3500004         4.63136329E-09
   21.3999996         5.08103470E-09
   21.4500008         5.55984636E-09
   21.5000000         6.06788397E-09
   21.5499992         6.60497701E-09
   21.6000004         7.17066939E-09
   21.6499996         7.76419284E-09
   21.7000008         8.38443892E-09
   21.7500000         9.02993413E-09
   21.7999992         9.69881597E-09
   21.8500004         1.03888116E-08
   21.8999996         1.10972209E-08
   21.9500008         1.18209007E-08
   22.0000000         1.25562574E-08
   22.0499992         1.32992373E-08
   22.1000004         1.40453302E-08
   22.1499996         1.47895731E-08
   22.2000008         1.55265631E-08
   22.2500000         1.62504783E-08
   22.2999992         1.69551004E-08
   22.3500004         1.76338517E-08
   22.3999996         1.82798310E-08
   22.4500008         1.88858689E-08
   22.5000000         1.94445775E-08
   22.5499992         1.99484163E-08
   22.6000004         2.03897645E-08
   22.6499996         2.07609929E-08
   22.7000008         2.10545483E-08
   22.7500000         2.12630429E-08
   22.7999992         2.13793392E-08
   22.8500004         2.13966533E-08
   22.8999996         2.13086455E-08
   22.9500008         2.11095177E-08
   23.0000000         2.07941113E-08
   23.0499992         2.03579980E-08
   23.1000004         1.97975751E-08
   23.1499996         1.91101464E-08
   23.2000008         1.82939992E-08
   23.2500000         1.73484800E-08
   23.2999992         1.62740452E-08
   23.3500004         1.50723221E-08
   23.3999996         1.37461322E-08
   23.4500008         1.22995250E-08
   23.5000000         1.07377796E-08
   23.5499992         9.06739928E-09
   23.6000004         7.29608995E-09
   23.6499996         5.43272005E-09
   23.7000008         3.48726514E-09
   23.7500000         1.47073775E-09
   23.7999992        -6.04900463E-10
   23.8500004        -2.72683920E-09
   23.8999996        -4.88153518E-09
   23.9500008        -7.05483938E-09
   24.0000000        -9.23213506E-09
   24.0499992        -1.13984884E-08
   24.1000004        -1.35387976E-08
   24.1499996        -1.56379603E-08
   24.2000008        -1.76810264E-08
   24.2500000        -1.96533758E-08
   24.2999992        -2.15408651E-08
   24.3500004        -2.33299939E-08
   24.3999996        -2.50080525E-08
   24.4500008        -2.65632654E-08
   24.5000000        -2.79849210E-08
   24.5499992        -2.92634894E-08
   24.6000004        -3.03907264E-08
   24.6499996        -3.13597539E-08
   24.7000008        -3.21651434E-08
   24.7500000        -3.28029550E-08
   24.7999992        -3.32707621E-08
   24.8500004        -3.35676837E-08
   24.8999996        -3.36943522E-08
   24.9500008        -3.36529098E-08
   25.0000000        -3.34469377E-08
   25.0499992        -3.30814096E-08
   25.1000004        -3.25626068E-08
   25.1499996        -3.18980149E-08
   25.2000008        -3.10962207E-08
   25.2500000        -3.01667917E-08
   25.2999992        -2.91201356E-08
   25.3500004        -2.79673813E-08
   25.3999996        -2.67202189E-08
   25.4500008        -2.53907562E-08
   25.5000000        -2.39913795E-08
   25.5499992        -2.25346071E-08
   25.6000004        -2.10329407E-08
   25.6499996        -1.94987386E-08
   25.7000008        -1.79440853E-08
   25.7500000        -1.63806693E-08
   25.7999992        -1.48196806E-08
   25.8500004        -1.32717082E-08
   25.8999996        -1.17466596E-08
   25.9500008        -1.02536903E-08
   26.0000000        -8.80114204E-09
   26.0499992        -7.39650297E-09
   26.1000004        -6.04637673E-09
   26.1499996        -4.75646278E-09
   26.2000008        -3.53155505E-09
   26.2500000        -2.37554865E-09
   26.2999992        -1.29145761E-09
   26.3500004        -2.81445228E-10
   26.3999996         6.53139154E-10
   26.4500008         1.51171398E-09
   26.5000000         2.29441355E-09
   26.5499992         3.00203040E-09
   26.6000004         3.63595420E-09
   26.6499996         4.19810764E-09
   26.7000008         4.69087968E-09
   26.7500000         5.11706055E-09
   26.7999992         5.47977574E-09
   26.8500004         5.78242165E-09
   26.8999996         6.02860428E-09
   26.9500008         6.22207930E-09
   27.0000000         6.36669917E-09
   27.0499992         6.46636034E-09
   27.1000004         6.52495658E-09
   27.1499996         6.54633947E-09
   27.2000008         6.53427934E-09
   27.2500000         6.49243459E-09
   27.2999992         6.42432374E-09
   27.3500004         6.33330455E-09
   27.3999996         6.22255447E-09
   27.4500008         6.09505868E-09
   27.5000000         5.95360028E-09
   27.5499992         5.80075454E-09
   27.6000004         5.63888536E-09
   27.6499996         5.47014833E-09
   27.7000008         5.29649169E-09
   27.7500000         5.11966247E-09
   27.7999992         4.94121277E-09
   27.8500004         4.76251172E-09
   27.8999996         4.58474991E-09
   27.9500008         4.40895631E-09
   28.0000000         4.23600399E-09
   28.0499992         4.06662615E-09
   28.1000004         3.90142585E-09
   28.1499996         3.74088760E-09
   28.2000008         3.58539132E-09
   28.2500000         3.43521989E-09
   28.2999992         3.29057315E-09
   28.3500004         3.15157633E-09
   28.3999996         3.01829051E-09
   28.4500008         2.89072144E-09
   28.5000000         2.76882672E-09
   28.5499992         2.65252531E-09
   28.6000004         2.54170285E-09
   28.6499996         2.43621834E-09
   28.7000008         2.33590991E-09
   28.7500000         2.24059926E-09
   28.7999992         2.15009655E-09
   28.8500004         2.06420347E-09
   28.8999996         1.98271710E-09
   28.9500008         1.90543248E-09
   29.0000000         1.83214477E-09
   29.0499992         1.76265136E-09
   29.1000004         1.69675307E-09
   29.1499996         1.63425640E-09
   29.2000008         1.57497326E-09
   29.2500000         1.51872281E-09
   29.2999992         1.46533130E-09
   29.3500004         1.41463274E-09
   29.3999996         1.36646916E-09
   29.4500008         1.32069056E-09
   29.5000000         1.27715505E-09
   29.5499992         1.23572841E-09
   29.6000004         1.19628452E-09
   29.6499996         1.15870458E-09
   29.7000008         1.12287701E-09
   29.7500000         1.08869735E-09
   29.7999992         1.05606768E-09
   29.8500004         1.02489639E-09
   29.8999996         9.95097893E-10
   29.9500008         9.66592140E-10
   30.0000000         9.39304634E-10
   30.0499992         9.13165654E-10
   30.1000004         8.88110141E-10
   30.1499996         8.64077476E-10
   30.2000008         8.41011094E-10
   30.2500000         8.18858148E-10
   30.2999992         7.97569399E-10
   30.3500004         7.77098774E-10
   30.3999996         7.57403362E-10
   30.4500008         7.38442973E-10
   30.5000000         7.20180027E-10
   30.5499992         7.02579495E-10
   30.6000004         6.85608459E-10
   30.6499996         6.69236055E-10
   30.7000008         6.53433474E-10
   30.7500000         6.38173681E-10
   30.7999992         6.23431140E-10
   30.8500004         6.09181983E-10
   30.8999996         5.95403782E-10
   30.9500008         5.82075388E-10
   31.0000000         5.69176872E-10
   31.0499992         5.56689472E-10
   31.1000004         5.44595424E-10
   31.1499996         5.32878075E-10
   31.2000008         5.21521548E-10
   31.2500000         5.10510911E-10
   31.2999992         4.99832065E-10
   31.3500004         4.89471519E-10
   31.3999996         4.79416673E-10
   31.4500008         4.69655426E-10
   31.5000000         4.60176286E-10
   31.5499992         4.50968485E-10
   31.6000004         4.42021614E-10
   31.6499996         4.33325847E-10
   31.7000008         4.24871888E-10
   31.7500000         4.16650769E-10
   31.7999992         4.08654027E-10
   31.8500004         4.00873557E-10
   31.8999996         3.93301641E-10
   31.9500008         3.85930871E-10
   32.0000000         3.78754222E-10
   32.0499992         3.71764952E-10
   32.0999985         3.64956620E-10
   32.1500015         3.58323093E-10
   32.2000008         3.51858431E-10
   32.2500000         3.45557027E-10
   32.2999992         3.39413442E-10
   32.3499985         3.33422512E-10
   32.4000015         3.27579269E-10
   32.4500008         3.21878912E-10
   32.5000000         3.16316917E-10
   32.5499992         3.10888870E-10
   32.5999985         3.05590553E-10
   32.6500015         3.00417913E-10
   32.7000008         2.95367064E-10
   32.7500000         2.90434260E-10
   32.7999992         2.85615920E-10
   32.8499985         2.80908574E-10
   32.9000015         2.76308892E-10
   32.9500008         2.71813683E-10
   33.0000000         2.67419864E-10
   33.0499992         2.63124494E-10
   33.0999985         2.58924659E-10
   33.1500015         2.54817667E-10
   33.2000008         2.50800825E-10
   33.2500000         2.46871606E-10
   33.2999992         2.43027543E-10
   33.3499985         2.39266246E-10
   33.4000015         2.35585468E-10
   33.4500008         2.31982961E-10
   33.5000000         2.28456629E-10
   33.5499992         2.25004404E-10
   33.5999985         2.21624316E-10
   33.6500015         2.18314436E-10
   33.7000008         2.15072932E-10
   33.7500000         2.11898027E-10
   33.7999992         2.08787973E-10
   33.8499985         2.05741132E-10
   33.9000015         2.02755868E-10
   33.9500008         1.99830638E-10
   34.0000000         1.96963917E-10
   34.0499992         1.94154248E-10
   34.0999985         1.91400215E-10
   34.1500015         1.88700444E-10
   34.2000008         1.86053589E-10
   34.2500000         1.83458360E-10
   34.2999992         1.80913493E-10
   34.3499985         1.78417753E-10
   34.4000015         1.75969961E-10
   34.4500008         1.73568937E-10
   34.5000000         1.71213543E-10
   34.5499992         1.68902684E-10
   34.5999985         1.66635261E-10
   34.6500015         1.64410222E-10
   34.7000008         1.62226524E-10
   34.7500000         1.60083169E-10
   34.7999992         1.57979144E-10
   34.8499985         1.55913490E-10
   34.9000015         1.53885266E-10
   34.9500008         1.51893526E-10
   35.0000000         1.49937354E-10
   35.0499992         1.48015863E-10
   35.0999985         1.46128193E-10
   35.1500015         1.44273482E-10
   35.2000008         1.42450898E-10
   35.2500000         1.40659623E-10
   35.2999992         1.38898879E-10
   35.3499985         1.37167888E-10
   35.4000015         1.35465902E-10
   35.4500008         1.33792200E-10
   35.5000000         1.32146072E-10
   35.5499992         1.30526853E-10
   35.5999985         1.28933891E-10
   35.6500015         1.27366534E-10
   35.7000008         1.25824184E-10
   35.7500000         1.24306287E-10
   35.7999992         1.22812260E-10
   35.8499985         1.21341603E-10
   35.9000015         1.19893789E-10
   35.9500008         1.18468346E-10
   36.0000000         1.17064830E-10
   36.0499992         1.15682817E-10
   36.0999985         1.14321899E-10
   36.1500015         1.12981687E-10
   36.2000008         1.11661826E-10
   36.2500000         1.10361983E-10
   36.2999992         1.09081827E-10
   36.3499985         1.07821058E-10
   36.4000015         1.06579384E-10
   36.4500008         1.05356536E-10
   36.5000000         1.04152242E-10
   36.5499992         1.02966267E-10
   36.5999985         1.01798348E-10
   36.6500015         1.00648261E-10
   36.7000008         9.95157637E-11
   36.7500000         9.84006349E-11
   36.7999992         9.73026451E-11
   36.8499985         9.62215654E-11
   36.9000015         9.51571669E-11
   36.9500008         9.41092204E-11
   37.0000000         9.30774832E-11
   37.0499992         9.20617263E-11
   37.0999985         9.10616998E-11
   37.1500015         9.00771610E-11
   37.2000008         8.91078461E-11
   37.2500000         8.81535053E-11
   37.2999992         8.72138681E-11
   37.3499985         8.62886637E-11
   37.4000015         8.53776216E-11
   37.4500008         8.44804504E-11
   37.5000000         8.35968864E-11
   37.5499992         8.27266311E-11
   37.5999985         8.18694001E-11
   37.6500015         8.10249159E-11
   37.7000008         8.01928801E-11
   37.7500000         7.93730220E-11
   37.7999992         7.85650503E-11
   37.8499985         7.77686943E-11
   37.9000015         7.69836833E-11
   37.9500008         7.62097399E-11
   38.0000000         7.54466073E-11
   38.0499992         7.46940426E-11
   38.0999985         7.39517891E-11
   38.1500015         7.32196109E-11
   38.2000008         7.24972790E-11
   38.2500000         7.17845852E-11
   38.2999992         7.10813075E-11
   38.3499985         7.03872446E-11
   38.4000015         6.97022093E-11
   38.4500008         6.90260141E-11
   38.5000000         6.83584925E-11
   38.5499992         6.76994780E-11
   38.5999985         6.70488109E-11
   38.6500015         6.64063388E-11
   38.7000008         6.57719226E-11
   38.7500000         6.51454307E-11
   38.7999992         6.45267312E-11
   38.8499985         6.39156991E-11
   38.9000015         6.33122166E-11
   38.9500008         6.27161725E-11
   39.0000000         6.21274560E-11
   39.0499992         6.15459628E-11
   39.0999985         6.09715889E-11
   39.1500015         6.04042372E-11
   39.2000008         5.98438105E-11
   39.2500000         5.92902116E-11
   39.2999992         5.87433505E-11
   39.3499985         5.82031368E-11
   39.4000015         5.76694768E-11
   39.4500008         5.71422874E-11
   39.5000000         5.66214749E-11
   39.5499992         5.61069594E-11
   39.5999985         5.55986472E-11
   39.6500015         5.50964621E-11
   39.7000008         5.46003139E-11
   39.7500000         5.41101192E-11
   39.7999992         5.36257982E-11
   39.8499985         5.31472644E-11
   39.9000015         5.26744412E-11
   39.9500008         5.22072489E-11
   40.0000000         5.17456009E-11
   40.0499992         5.12894241E-11
   40.0999985         5.08386354E-11
   40.1500015         5.03931619E-11
   40.2000008         4.99529237E-11
   40.2500000         4.95178482E-11
   40.2999992         4.90878588E-11
   40.3499985         4.86628828E-11
   40.4000015         4.82428472E-11
   40.4500008         4.78276793E-11
   40.5000000         4.74173097E-11
   40.5499992         4.70116689E-11
   40.5999985         4.66106875E-11
   40.6500015         4.62142997E-11
   40.7000008         4.58224396E-11
   40.7500000         4.54350377E-11
   40.7999992         4.50520350E-11
   40.8499985         4.46733622E-11
   40.9000015         4.42989638E-11
   40.9500008         4.39287738E-11
   41.0000000         4.35627368E-11
   41.0499992         4.32007902E-11
   41.0999985         4.28428786E-11
   41.1500015         4.24889464E-11
   41.2000008         4.21389347E-11
   41.2500000         4.17927880E-11
   41.2999992         4.14504542E-11
   41.3499985         4.11118847E-11
   41.4000015         4.07770206E-11
   41.4500008         4.04458168E-11
   41.5000000         4.01182178E-11
   41.5499992         3.97941784E-11
   41.5999985         3.94736466E-11
   41.6500015         3.91565773E-11
   41.7000008         3.88429219E-11
   41.7500000         3.85326354E-11
   41.7999992         3.82256657E-11
   41.8499985         3.79219676E-11
   41.9000015         3.76214962E-11
   41.9500008         3.73242028E-11
   42.0000000         3.70300422E-11
   42.0499992         3.67389591E-11
   42.0999985         3.64509048E-11
   42.1500015         3.61658307E-11
   42.2000008         3.58836780E-11
   42.2500000         3.56043910E-11
   42.2999992         3.53279073E-11
   42.3499985         3.50541610E-11
   42.4000015         3.47830792E-11
   42.4500008         3.45145891E-11
   42.5000000         3.42486040E-11
   42.5499992         3.39850335E-11
   42.5999985         3.37237738E-11
   42.6500015         3.34647102E-11
   42.7000008         3.32077213E-11
   42.7500000         3.29526649E-11
   42.7999992         3.26993883E-11
   42.8499985         3.24477216E-11
   42.9000015         3.21974669E-11
   42.9500008         3.19484161E-11
   43.0000000         3.17003333E-11
   43.0499992         3.14529583E-11
   43.0999985         3.12059961E-11
   43.1500015         3.09591380E-11
   43.2000008         3.07120232E-11
   43.2500000         3.04642769E-11
   43.2999992         3.02154760E-11
   43.3499985         2.99651658E-11
   43.4000015         2.97128468E-11
   43.4500008         2.94579847E-11
   43.5000000         2.92000001E-11
   43.5499992         2.89382771E-11
   43.5999985         2.86721515E-11
   43.6500015         2.84009222E-11
   43.7000008         2.81238418E-11
   43.7500000         2.78401312E-11
   43.7999992         2.75489666E-11
   43.8499985         2.72494943E-11
   43.9000015         2.69408315E-11
   43.9500008         2.66220691E-11
   44.0000000         2.62922774E-11
   44.0499992         2.59505160E-11
   44.0999985         2.55958432E-11
   44.1500015         2.52273185E-11
   44.2000008         2.48440175E-11
   44.2500000         2.44450432E-11
   44.2999992         2.40295370E-11
   44.3499985         2.35966940E-11
   44.4000015         2.31457735E-11
   44.4500008         2.26761214E-11
   44.5000000         2.21871792E-11
   44.5499992         2.16785062E-11
   44.5999985         2.11497903E-11
   44.6500015         2.06008752E-11
   44.7000008         2.00317714E-11
   44.7500000         1.94426697E-11
   44.7999992         1.88339743E-11
   44.8499985         1.82062993E-11
   44.9000015         1.75604999E-11
   44.9500008         1.68976794E-11
   45.0000000         1.62192031E-11
   45.0499992         1.55267119E-11
   45.0999985         1.48221227E-11
   45.1500015         1.41076456E-11
   45.2000008         1.33857795E-11
   45.2500000         1.26593128E-11
   45.2999992         1.19313205E-11
   45.3499985         1.12051583E-11
   45.4000015         1.04844466E-11
   45.4500008         9.77306083E-12
   45.5000000         9.07510612E-12
   45.5499992         8.39489676E-12
   45.5999985         7.73692568E-12
   45.6500015         7.10583155E-12
   45.7000008         6.50636359E-12
   45.7500000         5.94333827E-12
   45.7999992         5.42159720E-12
   45.8499985         4.94595640E-12
   45.9000015         4.52115775E-12
   45.9500008         4.15181561E-12
   46.0000000         3.84236046E-12
   46.0499992         3.59698491E-12
   46.0999985         3.41958558E-12
   46.1500015         3.31370782E-12
   46.2000008         3.28249060E-12
   46.2500000         3.32861299E-12
   46.2999992         3.45424470E-12
   46.3499985         3.66099772E-12
   46.4000015         3.94988556E-12
   46.4500008         4.32128595E-12
   46.5000000         4.77490747E-12
   46.5499992         5.30976912E-12
   46.5999985         5.92417868E-12
   46.6500015         6.61572620E-12
   46.7000008         7.38128222E-12
   46.7500000         8.21700433E-12
   46.7999992         9.11835451E-12
   46.8499985         1.00801251E-11
   46.9000015         1.10964701E-11
   46.9500008         1.21609511E-11
   47.0000000         1.32665857E-11
   47.0499992         1.44059096E-11
   47.0999985         1.55710392E-11
   47.1500015         1.67537477E-11
   47.2000008         1.79455409E-11
   47.2500000         1.91377400E-11
   47.2999992         2.03215743E-11
   47.3499985         2.14882643E-11
   47.4000015         2.26291104E-11
   47.4500008         2.37355951E-11
   47.5000000         2.47994611E-11
   47.5499992         2.58128033E-11
   47.5999985         2.67681519E-11
   47.6500015         2.76585560E-11
   47.7000008         2.84776508E-11
   47.7500000         2.92197239E-11
   47.7999992         2.98797757E-11
   47.8499985         3.04535772E-11
   47.9000015         3.09377003E-11
   47.9500008         3.13295466E-11
